#rho	 Pc
 1.000000000000000E-07 -0.000000000000000E+00
 1.011585280309120E-07 -0.000000000000000E+00
 1.023304779338084E-07 -0.000000000000000E+00
 1.035160052048379E-07 -0.000000000000000E+00
 1.047152671416163E-07 -0.000000000000000E+00
 1.059284228640966E-07 -0.000000000000000E+00
 1.071556333356802E-07 -0.000000000000000E+00
 1.083970613845754E-07 -0.000000000000000E+00
 1.096528717254009E-07 -0.000000000000000E+00
 1.109232309810397E-07 -0.000000000000000E+00
 1.122083077047483E-07 -0.000000000000000E+00
 1.135082724025202E-07 -0.000000000000000E+00
 1.148232975557074E-07 -0.000000000000000E+00
 1.161535576439078E-07 -0.000000000000000E+00
 1.174992291681140E-07 -0.000000000000000E+00
 1.188604906741325E-07 -0.000000000000000E+00
 1.202375227762719E-07 -0.000000000000000E+00
 1.216305081813093E-07 -0.000000000000000E+00
 1.230396317127308E-07 -0.000000000000000E+00
 1.244650803352537E-07 -0.000000000000000E+00
 1.259070431796349E-07 -0.000000000000000E+00
 1.273657115677638E-07 -0.000000000000000E+00
 1.288412790380469E-07 -0.000000000000000E+00
 1.303339413710883E-07 -0.000000000000000E+00
 1.318438966156651E-07 -0.000000000000000E+00
 1.333713451150043E-07 -0.000000000000000E+00
 1.349164895333660E-07 -0.000000000000000E+00
 1.364795348829330E-07 -0.000000000000000E+00
 1.380606885510101E-07 -0.000000000000000E+00
 1.396601603275437E-07 -0.000000000000000E+00
 1.412781624329554E-07 -0.000000000000000E+00
 1.429149095462986E-07 -0.000000000000000E+00
 1.445706188337451E-07 -0.000000000000000E+00
 1.462455099773974E-07 -0.000000000000000E+00
 1.479398052044358E-07 -0.000000000000000E+00
 1.496537293166059E-07 -0.000000000000000E+00
 1.513875097200444E-07 -0.000000000000000E+00
 1.531413764554508E-07 -0.000000000000000E+00
 1.549155622286117E-07 -0.000000000000000E+00
 1.567103024412751E-07 -0.000000000000000E+00
 1.585258352223848E-07 -0.000000000000000E+00
 1.603624014596735E-07 -0.000000000000000E+00
 1.622202448316275E-07 -0.000000000000000E+00
 1.640996118398165E-07 -0.000000000000000E+00
 1.660007518415987E-07 -0.000000000000000E+00
 1.679239170832083E-07 -0.000000000000000E+00
 1.698693627332232E-07 -0.000000000000000E+00
 1.718373469164192E-07 -0.000000000000000E+00
 1.738281307480215E-07 -0.000000000000000E+00
 1.758419783683482E-07 -0.000000000000000E+00
 1.778791569778558E-07 -0.000000000000000E+00
 1.799399368725943E-07 -0.000000000000000E+00
 1.820245914800692E-07 -0.000000000000000E+00
 1.841333973955189E-07 -0.000000000000000E+00
 1.862666344186167E-07 -0.000000000000000E+00
 1.884245855905933E-07 -0.000000000000000E+00
 1.906075372317902E-07 -0.000000000000000E+00
 1.928157789796516E-07 -0.000000000000000E+00
 1.950496038271527E-07 -0.000000000000000E+00
 1.973093081616732E-07 -0.000000000000000E+00
 1.995951918043248E-07 -0.000000000000000E+00
 2.019075580497306E-07 -0.000000000000000E+00
 2.042467137062672E-07 -0.000000000000000E+00
 2.066129691367710E-07 -0.000000000000000E+00
 2.090066382997201E-07 -0.000000000000000E+00
 2.114280387908898E-07 -0.000000000000000E+00
 2.138774918854899E-07 -0.000000000000000E+00
 2.163553225807949E-07 -0.000000000000000E+00
 2.188618596392641E-07 -0.000000000000000E+00
 2.213974356321604E-07 -0.000000000000000E+00
 2.239623869836794E-07 -0.000000000000000E+00
 2.265570540155856E-07 -0.000000000000000E+00
 2.291817809923647E-07 -0.000000000000000E+00
 2.318369161669047E-07 -0.000000000000000E+00
 2.345228118267009E-07 -0.000000000000000E+00
 2.372398243405964E-07 -0.000000000000000E+00
 2.399883142060687E-07 -0.000000000000000E+00
 2.427686460970598E-07 -0.000000000000000E+00
 2.455811889123599E-07 -0.000000000000000E+00
 2.484263158245567E-07 -0.000000000000000E+00
 2.513044043295469E-07 -0.000000000000000E+00
 2.542158362966212E-07 -0.000000000000000E+00
 2.571609980191350E-07 -0.000000000000000E+00
 2.601402802657606E-07 -0.000000000000000E+00
 2.631540783323325E-07 -0.000000000000000E+00
 2.662027920943008E-07 -0.000000000000000E+00
 2.692868260597838E-07 -0.000000000000000E+00
 2.724065894232405E-07 -0.000000000000000E+00
 2.755624961197602E-07 -0.000000000000000E+00
 2.787549648799885E-07 -0.000000000000000E+00
 2.819844192856829E-07 -0.000000000000000E+00
 2.852512878259121E-07 -0.000000000000000E+00
 2.885560039539128E-07 -0.000000000000000E+00
 2.918990061445993E-07 -0.000000000000000E+00
 2.952807379527382E-07 -0.000000000000000E+00
 2.987016480718046E-07 -0.000000000000000E+00
 3.021621903935134E-07 -0.000000000000000E+00
 3.056628240680401E-07 -0.000000000000000E+00
 3.092040135649457E-07 -0.000000000000000E+00
 3.127862287348014E-07 -0.000000000000000E+00
 3.164099448715268E-07 -0.000000000000000E+00
 3.200756427754567E-07 -0.000000000000000E+00
 3.237838088171331E-07 -0.000000000000000E+00
 3.275349350018343E-07 -0.000000000000000E+00
 3.313295190348601E-07 -0.000000000000000E+00
 3.351680643875658E-07 -0.000000000000000E+00
 3.390510803641611E-07 -0.000000000000000E+00
 3.429790821692900E-07 -0.000000000000000E+00
 3.469525909763869E-07 -0.000000000000000E+00
 3.509721339968240E-07 -0.000000000000000E+00
 3.550382445498673E-07 -0.000000000000000E+00
 3.591514621334356E-07 -0.000000000000000E+00
 3.633123324956828E-07 -0.000000000000000E+00
 3.675214077074056E-07 -0.000000000000000E+00
 3.717792462352985E-07 -0.000000000000000E+00
 3.760864130160489E-07 -0.000000000000000E+00
 3.804434795312914E-07 -0.000000000000000E+00
 3.848510238834385E-07 -0.000000000000000E+00
 3.893096308723811E-07 -0.000000000000000E+00
 3.938198920730779E-07 -0.000000000000000E+00
 3.983824059140520E-07 -0.000000000000000E+00
 4.029977777567892E-07 -0.000000000000000E+00
 4.076666199760542E-07 -0.000000000000000E+00
 4.123895520411484E-07 -0.000000000000000E+00
 4.171672005980988E-07 -0.000000000000000E+00
 4.220001995527989E-07 -0.000000000000000E+00
 4.268891901551228E-07 -0.000000000000000E+00
 4.318348210840043E-07 -0.000000000000000E+00
 4.368377485335014E-07 -0.000000000000000E+00
 4.418986362998671E-07 -0.000000000000000E+00
 4.470181558696202E-07 -0.000000000000000E+00
 4.521969865086358E-07 -0.000000000000000E+00
 4.574358153522779E-07 -0.000000000000000E+00
 4.627353374965662E-07 -0.000000000000000E+00
 4.680962560903995E-07 -0.000000000000000E+00
 4.735192824288566E-07 -0.000000000000000E+00
 4.790051360475684E-07 -0.000000000000000E+00
 4.845545448181891E-07 -0.000000000000000E+00
 4.901682450449660E-07 -0.000000000000000E+00
 4.958469815624416E-07 -0.000000000000000E+00
 5.015915078342750E-07 -0.000000000000000E+00
 5.074025860532095E-07 -0.000000000000000E+00
 5.132809872422084E-07 -0.000000000000000E+00
 5.192274913567528E-07 -0.000000000000000E+00
 5.252428873883223E-07 -0.000000000000000E+00
 5.313279734690876E-07 -0.000000000000000E+00
 5.374835569778053E-07 -0.000000000000000E+00
 5.437104546469363E-07 -0.000000000000000E+00
 5.500094926710203E-07 -0.000000000000000E+00
 5.563815068162927E-07 -0.000000000000000E+00
 5.628273425315701E-07 -0.000000000000000E+00
 5.693478550604357E-07 -0.000000000000000E+00
 5.759439095547089E-07 -0.000000000000000E+00
 5.826163811892308E-07 -8.952350926888385E-318
 5.893661552779934E-07 -1.187969877167940E-316
 5.961941273915991E-07 -2.499423705683259E-316
 6.031012034760822E-07 -9.960884353095192E-315
 6.100882999731205E-07 -1.534766390018149E-313
 6.171563439416254E-07 -2.572753871960928E-312
 6.243062731807410E-07 -4.270642133158401E-311
 6.315390363542822E-07 -7.011604944565263E-310
 6.388555931165983E-07 -1.138713537980933E-308
 6.462569142399052E-07 -1.829380634503366E-307
 6.537439817430816E-07 -2.907384163292494E-306
 6.613177890219758E-07 -4.571149940446765E-305
 6.689793409812048E-07 -7.110317802473170E-304
 6.767296541674828E-07 -1.094230245254486E-302
 6.845697569045071E-07 -1.666096262707977E-301
 6.925006894293940E-07 -2.510027665946074E-300
 7.005235040306926E-07 -3.741615783555547E-299
 7.086392651880155E-07 -5.518959370744128E-298
 7.168490497132694E-07 -8.055406073711866E-297
 7.251539468935244E-07 -1.163495355832294E-295
 7.335550586355509E-07 -1.663042762828869E-294
 7.420534996120189E-07 -2.352437652181604E-293
 7.506503974093879E-07 -3.293236986222277E-292
 7.593468926775283E-07 -4.562806267630213E-291
 7.681441392810590E-07 -6.256898169610363E-290
 7.770433044524380E-07 -8.492152460168789E-289
 7.860455689468448E-07 -1.140831565779298E-287
 7.951521271988380E-07 -1.516992796167183E-286
 8.043641874808300E-07 -1.996717892094985E-285
 8.136829720634132E-07 -2.601559836173182E-284
 8.231097173775261E-07 -3.355423247576890E-283
 8.326456741785077E-07 -4.284196418174908E-282
 8.422921077120422E-07 -5.415167886959649E-281
 8.520502978820462E-07 -6.776205688563043E-280
 8.619215394204814E-07 -8.394689546987539E-279
 8.719071420591362E-07 -1.029620245133805E-277
 8.820084307034152E-07 -1.250300771435107E-276
 8.922267456081242E-07 -1.503235974186361E-275
 9.025634425552885E-07 -1.789471979353326E-274
 9.130198930340562E-07 -2.109197001434450E-273
 9.235974844226613E-07 -2.461573767981754E-272
 9.342976201724963E-07 -2.844595453055703E-271
 9.451217199943386E-07 -3.254978102252452E-270
 9.560712200467135E-07 -3.688102045689334E-269
 9.671475731264376E-07 -4.138013213840872E-268
 9.783522488613927E-07 -4.597492573922633E-267
 9.896867339055128E-07 -5.058198180211258E-266
 1.001152532136026E-06 -5.510879782591858E-265
 1.012751164853008E-06 -5.945660873127760E-264
 1.024484170981220E-06 -6.352377864850722E-263
 1.036353107274295E-06 -6.720961235688832E-262
 1.048359548521295E-06 -7.041839388948857E-261
 1.060505087755660E-06 -7.306343095425627E-260
 1.072791336466558E-06 -7.507087021751013E-259
 1.085219924812719E-06 -7.638305219012903E-258
 1.097792501838717E-06 -7.696119596707263E-257
 1.110510735693772E-06 -7.678724222683536E-256
 1.123376313853072E-06 -7.586473495202641E-255
 1.136390943341686E-06 -7.421868416542446E-254
 1.149556350961048E-06 -7.189441850857614E-253
 1.162874283518061E-06 -6.895550218570735E-252
 1.176346508056886E-06 -6.548085022240314E-251
 1.189974812093383E-06 -6.156122436695527E-250
 1.203761003852277E-06 -5.729532561003224E-249
 1.217706912507094E-06 -5.278571598952205E-248
 1.231814388422846E-06 -4.813480146774195E-247
 1.246085303401532E-06 -4.344109018424960E-246
 1.260521550930514E-06 -3.879590871104864E-245
 1.275125046433735E-06 -3.428071655447151E-244
 1.289897727525850E-06 -2.996511023910808E-243
 1.304841554269334E-06 -2.590555728832283E-242
 1.319958509434536E-06 -2.214485147712264E-241
 1.335250598762744E-06 -1.871223748904034E-240
 1.350719851232331E-06 -1.562411830024016E-239
 1.366368319327954E-06 -1.288523395186390E-238
 1.382198079312870E-06 -1.049018649534184E-237
 1.398211231504438E-06 -8.425182448090174E-237
 1.414409900552781E-06 -6.669869896446409E-236
 1.430796235722680E-06 -5.199160632427915E-235
 1.447372411178762E-06 -3.984946267779005E-234
 1.464140626273955E-06 -2.997638886396105E-233
 1.481103105841314E-06 -2.207489341898461E-232
 1.498262100489194E-06 -1.585657940853281E-231
 1.515619886899893E-06 -1.105031537126190E-230
 1.533178768131710E-06 -7.407970203975115E-230
 1.550941073924507E-06 -4.707932914130783E-229
 1.568909161008851E-06 -2.756719734471958E-228
 1.587085413418689E-06 -1.389015483906752E-227
 1.605472242807661E-06 -4.665080849436854E-227
 1.624072088769100E-06 1.241388299778271E-226
 1.642887419159713E-06 4.738632974352197E-225
 1.661920730427006E-06 6.540656319861432E-224
 1.681174547940541E-06 7.195366585549894E-223
 1.700651426326995E-06 7.112899528590484E-222
 1.720353949809099E-06 6.591833986124451E-221
 1.740284732548540E-06 5.842585627753847E-220
 1.760446418992802E-06 5.007623372295438E-219
 1.780841684226020E-06 4.178434532132665E-218
 1.801473234323945E-06 3.409370507350739E-217
 1.822343806712970E-06 2.728642115138345E-216
 1.843456170533329E-06 2.146812884070975E-215
 1.864813127006536E-06 1.663171686538254E-214
 1.886417509807039E-06 1.270364733233461E-213
 1.908272185438186E-06 9.576420153360001E-213
 1.930380053612585E-06 7.130339763572065E-212
 1.952744047636822E-06 5.247279077164713E-211
 1.975367134800666E-06 3.818658069163448E-210
 1.998252316770756E-06 2.749400238517947E-209
 2.021402629988894E-06 1.959223028683556E-208
 2.044821146074914E-06 1.382270014538550E-207
 2.068510972234209E-06 9.658066714172218E-207
 2.092475251670033E-06 6.684753034077768E-206
 2.116717164000533E-06 4.584321040073424E-205
 2.141239925680606E-06 3.115624196318649E-204
 2.166046790428695E-06 2.098806425490419E-203
 2.191141049658488E-06 1.401606949670416E-202
 2.216526032915602E-06 9.280458248613551E-202
 2.242205108319392E-06 6.093392419763817E-201
 2.268181683009820E-06 3.967782513100841E-200
 2.294459203599501E-06 2.562617811886450E-199
 2.321041156631043E-06 1.641767906434739E-198
 2.347931069039624E-06 1.043453563350334E-197
 2.375132508620941E-06 6.579708502670564E-197
 2.402649084504619E-06 4.116694156757835E-196
 2.430484447633063E-06 2.555836409036178E-195
 2.458642291245849E-06 1.574679374018467E-194
 2.487126351369790E-06 9.628447425166058E-194
 2.515940407314616E-06 5.843247360383774E-193
 2.545088282174398E-06 3.519764525444935E-192
 2.574573843334846E-06 2.104555881366667E-191
 2.604401002986410E-06 1.249165175440557E-190
 2.634573718643368E-06 7.360644328105766E-190
 2.665095993668894E-06 4.305974114098999E-189
 2.695971877806262E-06 2.500971898817363E-188
 2.727205467716160E-06 1.442279513096371E-187
 2.758800907520217E-06 8.258743343093395E-187
 2.790762389350895E-06 4.695938929539176E-186
 2.823094153907683E-06 2.651516030303926E-185
 2.855800491019742E-06 1.486785325177648E-184
 2.888885740215130E-06 8.279474819396687E-184
 2.922354291296551E-06 4.579052961159188E-183
 2.956210584923782E-06 2.515268109986622E-182
 2.990459113202913E-06 1.372289095963862E-181
 3.025104420282339E-06 7.436630924073155E-181
 3.060151102955670E-06 4.003062258595086E-180
 3.095603811271675E-06 2.140473388850074E-179
 3.131467249151247E-06 1.136957534176209E-178
 3.167746175011494E-06 5.999441567640388E-178
 3.204445402397147E-06 3.145028257663633E-177
 3.241569800619197E-06 1.637948025707609E-176
 3.279124295400951E-06 8.475239355707441E-176
 3.317113869531618E-06 4.357067919712590E-175
 3.355543563527412E-06 2.225569582037912E-174
 3.394418476300351E-06 1.129552152453552E-173
 3.433743765834749E-06 5.696436145732692E-173
 3.473524649871639E-06 2.854600877713516E-172
 3.513766406601050E-06 1.421497070927138E-171
 3.554474375362294E-06 7.034252912765903E-171
 3.595653957352451E-06 3.459188925389237E-170
 3.637310616342988E-06 1.690548271284950E-169
 3.679449879404660E-06 8.210893291620508E-169
 3.722077337640922E-06 3.963466390847217E-168
 3.765198646929726E-06 1.901490471983267E-167
 3.808819528673928E-06 9.066913200618181E-167
 3.852945770560467E-06 4.297175531328607E-166
 3.897583227328261E-06 2.024309618780861E-165
 3.942737821544985E-06 9.478786697547582E-165
 3.988415544392954E-06 4.411864576691288E-164
 4.034622456464009E-06 2.041252552646467E-163
 4.081364688563618E-06 9.388319923055121E-163
 4.128648442524373E-06 4.292466519220571E-162
 4.176479992028841E-06 1.951035057456697E-161
 4.224865683441929E-06 8.816038518370165E-161
 4.273811936652987E-06 3.960437543203785E-160
 4.323325245927587E-06 1.768825891783619E-159
 4.373412180769155E-06 7.854347091301446E-159
 4.424079386790688E-06 3.467599624715547E-158
 4.475333586596460E-06 1.522132113899456E-157
 4.527181580674012E-06 6.643407631234682E-157
 4.579630248296407E-06 2.883069638946178E-156
 4.632686548435048E-06 1.244100589198013E-155
 4.686357520682972E-06 5.338292518300244E-155
 4.740650286188838E-06 2.277749990143990E-154
 4.795572048601848E-06 9.664442048686327E-154
 4.851130095027495E-06 4.077788815682978E-153
 4.907331796994399E-06 1.711039289994239E-152
 4.964184611432438E-06 7.139907275392710E-152
 5.021696081662117E-06 2.963005543344808E-151
 5.079873838395385E-06 1.222896101624850E-150
 5.138725600748163E-06 5.019653052510092E-150
 5.198259177264497E-06 2.049248673820330E-149
 5.258482466952563E-06 8.320744086813737E-149
 5.319403460332804E-06 3.360360472075214E-148
 5.381030240498078E-06 1.349818487768130E-147
 5.443370984186102E-06 5.393121751359261E-147
 5.506433962864432E-06 2.143334305710203E-146
 5.570227543827890E-06 8.472935085302396E-146
 5.634760191308720E-06 3.331819749021922E-145
 5.700040467599704E-06 1.303293115471372E-144
 5.766077034190191E-06 5.071366122976305E-144
 5.832878652915267E-06 1.963085955901486E-143
 5.900454187118374E-06 7.559521894624891E-143
 5.968812602827265E-06 2.896003820197569E-142
 6.037962969943643E-06 1.103729871647445E-141
 6.107914463446530E-06 4.184989342876232E-141
 6.178676364609689E-06 1.578711567159727E-140
 6.250258062233045E-06 5.925118422194631E-140
 6.322669053888355E-06 2.212513736099546E-139
 6.395918947179452E-06 8.220125648010793E-139
 6.470017461016957E-06 3.038668144664636E-138
 6.544974426907742E-06 1.117658639603047E-137
 6.620799790259493E-06 4.090391568182572E-137
 6.697503611700231E-06 1.489563606706959E-136
 6.775096068413125E-06 5.397595158547296E-136
 6.853587455486911E-06 1.946243738003744E-135
 6.932988187281815E-06 6.983262267350653E-135
 7.013308798811297E-06 2.493401280951322E-134
 7.094559947139945E-06 8.859458122144055E-134
 7.176752412797439E-06 3.132648820633291E-133
 7.259897101208852E-06 1.102336555788847E-132
 7.344005044141728E-06 3.860317166916139E-132
 7.429087401169724E-06 1.345384260239739E-131
 7.515155461153231E-06 4.666513531344806E-131
 7.602220643737307E-06 1.610904396902810E-130
 7.690294500866806E-06 5.534599945879492E-130
 7.779388718319034E-06 1.892561818112530E-129
 7.869515117254370E-06 6.441238645353403E-129
 7.960685655784621E-06 2.181987453378806E-128
 8.052912430559702E-06 7.357100381924969E-128
 8.146207678372535E-06 2.469111382566660E-127
 8.240583777782790E-06 8.248257414300213E-127
 8.336053250759216E-06 2.742705496080625E-126
 8.432628764341015E-06 9.078194423945749E-126
 8.530323132318659E-06 2.991100222347337E-125
 8.629149316933965E-06 9.810281036771729E-125
 8.729120430599901E-06 3.203013076190679E-124
 8.830249737640470E-06 1.041047390319569E-123
 8.932550656050594E-06 3.368406722511368E-123
 9.036036759276359E-06 1.084996823321089E-122
 9.140721778016091E-06 3.479284705133163E-122
 9.246619602042111E-06 1.110750814234728E-121
 9.353744282043576E-06 3.530336163573752E-121
 9.462110031490884E-06 1.117109580559737E-120
 9.571731228521471E-06 3.519356787324856E-120
 9.682622417847455E-06 1.103890773611579E-119
 9.794798312685590E-06 3.447399725015666E-119
 9.908273796709376E-06 1.071932232153822E-118
 1.002306392602377E-05 3.318643099433102E-118
 1.013918393116299E-05 1.023007109348895E-117
 1.025664921911126E-05 3.139995016033761E-117
 1.037547537534699E-05 9.596630184060535E-117
 1.049567816591076E-05 2.920487228704712E-116
 1.061727353949715E-05 8.850052420333029E-116
 1.074027762957086E-05 2.670530554277324E-115
 1.086470675650721E-05 8.024492996377733E-115
 1.099057742975774E-05 2.401115951209109E-114
 1.111790635004061E-05 7.154697049693489E-114
 1.124671041155638E-05 2.123044160859994E-113
 1.137700670422976E-05 6.273696653952935E-113
 1.150881251597704E-05 1.846255195628586E-112
 1.164214533499974E-05 5.410914356193064E-112
 1.177702285210523E-05 1.579309556660267E-111
 1.191346296305382E-05 4.590801033291976E-111
 1.205148377093312E-05 1.329049582495487E-110
 1.219110358856020E-05 3.832059766989557E-110
 1.233234094091122E-05 1.100445621597250E-109
 1.247521456757932E-05 3.147436216822417E-109
 1.261974342526115E-05 8.966111078447634E-109
 1.276594669027201E-05 2.543998657999891E-108
 1.291384376109010E-05 7.189554145902870E-108
 1.306345426093052E-05 2.023792872763311E-107
 1.321479804034880E-05 5.674346663341099E-107
 1.336789517987466E-05 1.584739985471847E-106
 1.352276599267645E-05 4.408584185701969E-106
 1.367943102725624E-05 1.221647265563833E-105
 1.383791107017632E-05 3.372132654339824E-105
 1.399822714881700E-05 9.272186331388402E-105
 1.416040053416678E-05 2.539714166469760E-104
 1.432445274364456E-05 6.929776246239723E-104
 1.449040554395443E-05 1.883613195713697E-103
 1.465828095397397E-05 5.100453752058038E-103
 1.482810124767564E-05 1.375868383559588E-102
 1.499988895708198E-05 3.697450249109432E-102
 1.517366687525545E-05 9.899004374854955E-102
 1.534945805932254E-05 2.640284673007455E-101
 1.552728583353288E-05 7.015947992889982E-101
 1.570717379235419E-05 1.857396474331279E-100
 1.588914580360273E-05 4.899048939380302E-100
 1.607322601160995E-05 1.287401690296882E-99
 1.625943884042630E-05 3.370681472645720E-99
 1.644780899706168E-05 8.792834023735108E-99
 1.663836147476351E-05 2.285355230202872E-98
 1.683112155633311E-05 5.918318932526663E-98
 1.702611481748016E-05 1.527105113839234E-97
 1.722336713021593E-05 3.926191663129886E-97
 1.742290466628638E-05 1.005801127745696E-96
 1.762475390064443E-05 2.567419469344114E-96
 1.782894161496266E-05 6.530277580790857E-96
 1.803549490118694E-05 1.655093524104434E-95
 1.824444116513090E-05 4.179992319977364E-95
 1.845580813011225E-05 1.051953185990720E-94
 1.866962384063094E-05 2.638099927609864E-94
 1.888591666609049E-05 6.592738664606301E-94
 1.910471530456188E-05 1.641822248892721E-93
 1.932604878659118E-05 4.074533696219639E-93
 1.954994647905157E-05 1.007690148395596E-92
 1.977643808903973E-05 2.483586160834496E-92
 2.000555366781723E-05 6.100147603968115E-92
 2.023732361479804E-05 1.493193538253359E-91
 2.047177868158191E-05 3.642606302097938E-91
 2.070894997603431E-05 8.855935568106585E-91
 2.094886896641422E-05 2.145795973277166E-90
 2.119156748554922E-05 5.181790246254233E-90
 2.143707773505894E-05 1.247137380330810E-89
 2.168543228962801E-05 2.991558116638581E-89
 2.193666410132786E-05 7.152121220599386E-89
 2.219080650398876E-05 1.704245421167405E-88
 2.244789321762292E-05 4.047574040791199E-88
 2.270795835289834E-05 9.581387242153302E-88
 2.297103641566450E-05 2.260676478137657E-87
 2.323716231153099E-05 5.316555530252786E-87
 2.350637135049867E-05 1.246262916231276E-86
 2.377869925164447E-05 2.911935903378360E-86
 2.405418214786104E-05 6.781912636959070E-86
 2.433285659065065E-05 1.574440347076388E-85
 2.461475955497503E-05 3.643420080223980E-85
 2.489992844416102E-05 8.404398920969869E-85
 2.518840109486366E-05 1.932519025933682E-84
 2.548021578208627E-05 4.429614395652770E-84
 2.577541122425862E-05 1.012134859021731E-83
 2.607402658837451E-05 2.305400767632551E-83
 2.637610149518835E-05 5.234742534662826E-83
 2.668167602447192E-05 1.184923444965991E-82
 2.699079072033256E-05 2.673846941200080E-82
 2.730348659659249E-05 6.015050380277926E-82
 2.761980514223033E-05 1.348974189836977E-81
 2.793978832688635E-05 3.016024093840237E-81
 2.826347860643089E-05 6.722609701660501E-81
 2.859091892859722E-05 1.493887948999659E-80
 2.892215273868035E-05 3.309636322914553E-80
 2.925722398530124E-05 7.310207739780234E-80
 2.959617712623767E-05 1.609798089127696E-79
 2.993905713432351E-05 3.534356640626594E-79
 3.028590950341550E-05 7.736626281293143E-79
 3.063678025442922E-05 1.688496414366800E-78
 3.099171594144570E-05 3.674184106116853E-78
 3.135076365788807E-05 7.971478610200859E-78
 3.171397104276969E-05 1.724403867766269E-77
 3.208138628701550E-05 3.719342195997617E-77
 3.245305813985575E-05 7.998807151175805E-77
 3.282903591529424E-05 1.715225128060705E-76
 3.320936949865111E-05 3.667403593912591E-76
 3.359410935318213E-05 7.818848366221022E-76
 3.398330652677408E-05 1.662180574511035E-75
 3.437701265871752E-05 3.523463209056393E-75
 3.477527998655894E-05 7.447700220927370E-75
 3.517816135303146E-05 1.569785466315014E-74
 3.558571021306580E-05 3.299353385526460E-74
 3.599798064088330E-05 6.915005084272249E-74
 3.641502733717030E-05 1.445226843064505E-73
 3.683690563633571E-05 3.012063127699562E-73
 3.726367151385328E-05 6.260100782443870E-73
 3.769538159368835E-05 1.297455399142450E-72
 3.813209315581049E-05 2.681649672552753E-72
 3.857386414379404E-05 5.527321836963790E-72
 3.902075317250593E-05 1.136148683492905E-71
 3.947281953588241E-05 2.328991331596738E-71
 3.993012321479693E-05 4.761210940408372E-71
 4.039272488501817E-05 9.707074584194270E-71
 4.086068592526029E-05 1.973718583419463E-70
 4.133406842532736E-05 4.002326582374890E-70
 4.181293519435125E-05 8.094215036535459E-70
 4.229734976912489E-05 1.632587054920359E-69
 4.278737642253311E-05 3.284141133478518E-69
 4.328308017208001E-05 6.588940246928608E-69
 4.378452678851580E-05 1.318445072615014E-68
 4.429178280456295E-05 2.631271337607215E-68
 4.480491552374449E-05 5.237580825579992E-68
 4.532399302931364E-05 1.039828512657348E-67
 4.584908419328686E-05 2.059031264160738E-67
 4.638025868558255E-05 4.066668135773855E-67
 4.691758698326467E-05 8.011123339756939E-67
 4.746114037989332E-05 1.574096310608833E-66
 4.801099099498489E-05 3.085010656293297E-66
 4.856721178358058E-05 6.030784242076389E-66
 4.912987654592577E-05 1.175944766740178E-65
 4.969905993726281E-05 2.287179781129086E-65
 5.027483747773590E-05 4.437293452037940E-65
 5.085728556241094E-05 8.587063448210264E-65
 5.144648147141245E-05 1.657616474887221E-64
 5.204250338017688E-05 3.191835283691665E-64
 5.264543036982457E-05 6.130813123045989E-64
 5.325534243765326E-05 1.174683898379623E-63
 5.387232050775181E-05 2.245191595450808E-63
 5.449644644173690E-05 4.280745043096224E-63
 5.512780304961539E-05 8.141847656085448E-63
 5.576647410077115E-05 1.544785956517530E-62
 5.641254433508004E-05 2.923879331045781E-62
 5.706609947415262E-05 5.520779663461777E-62
 5.772722623270883E-05 1.039908792038200E-61
 5.839601233008293E-05 1.954105311190835E-61
 5.907254650186178E-05 3.663216259005730E-61
 5.975691851165940E-05 6.850827173526348E-61
 6.044921916302639E-05 1.278183753445171E-60
 6.114954031149751E-05 2.379125513282598E-60
 6.185797487678007E-05 4.417933068354937E-60
 6.257461685508225E-05 8.184695895157971E-60
 6.329956133158419E-05 1.512765138351343E-59
 6.403290449305494E-05 2.789522720391935E-59
 6.477474364061430E-05 5.131940471523905E-59
 6.552517720264223E-05 9.419557248822606E-59
 6.628430474783963E-05 1.724965402666520E-58
 6.705222699843866E-05 3.151629365641549E-58
 6.782904584356635E-05 5.745112733068519E-58
 6.861486435276425E-05 1.044899305750194E-57
 6.940978678966348E-05 1.896123332481762E-57
 7.021391862581801E-05 3.433039124922691E-57
 7.102736655469989E-05 6.201756495303691E-57
 7.185023850585492E-05 1.117836271866738E-56
 7.268264365922239E-05 2.010355878994111E-56
 7.352469245962241E-05 3.607469473781379E-56
 7.437649663140899E-05 6.459085887284431E-56
 7.523816919329440E-05 1.153936243728292E-55
 7.610982447334375E-05 2.057020410287778E-55
 7.699157812414539E-05 3.658853974511682E-55
 7.788354713815537E-05 6.493889377497814E-55
 7.878584986321947E-05 1.150063069523314E-54
 7.969860601827715E-05 2.032352364386751E-54
 8.062193670924526E-05 3.583773350638586E-54
 8.155596444508601E-05 6.305939955196329E-54
 8.250081315406299E-05 1.107211191929046E-53
 8.345660820018339E-05 1.939929751199233E-53
 8.442347639983096E-05 3.391719955739517E-53
 8.540154603859341E-05 5.917468421229635E-53
 8.639094688828300E-05 1.030237631677805E-52
 8.739181022415409E-05 1.789896312001941E-52
 8.840426884232236E-05 3.103207614231663E-52
 8.942845707738373E-05 5.368955010031995E-52
 9.046451082023738E-05 9.269752435343570E-52
 9.151256753611728E-05 1.597163573519573E-51
 9.257276628283075E-05 2.746230498240427E-51
 9.364524772920803E-05 4.712315159031293E-51
 9.473015417376792E-05 8.069466736697952E-51
 9.582762956359746E-05 1.379024261021995E-50
 9.693781951345029E-05 2.351900404942135E-50
 9.806087132506855E-05 4.003033905964599E-50
 9.919693400672605E-05 6.799645814582493E-50
 1.003461582929995E-04 1.152692166477280E-49
 1.015086966647673E-04 1.950175756809554E-49
 1.026847033694421E-04 3.292841653039943E-49
 1.038743344414362E-04 5.548913184397330E-49
 1.050777477228636E-04 9.332291559302244E-49
 1.062951028844840E-04 1.566445302215260E-48
 1.075265614468879E-04 2.624170253012929E-48
 1.087722868019259E-04 4.387547955998319E-48
 1.100324442343902E-04 7.321635159484457E-48
 1.113072009439436E-04 1.219421542952510E-47
 1.125967260673028E-04 2.027040536855818E-47
 1.139011907006817E-04 3.363078488226354E-47
 1.152207679224920E-04 5.569045497957023E-47
 1.165556328163062E-04 9.204430126593106E-47
 1.179059624940900E-04 1.518408377235548E-46
 1.192719361197010E-04 2.500109221342893E-46
 1.206537349326592E-04 4.108764253184845E-46
 1.220515422721964E-04 6.739822360731950E-46
 1.234655436015805E-04 1.103503673425533E-45
 1.248959265327228E-04 1.803392805180080E-45
 1.263428808510717E-04 2.941719073230041E-45
 1.278065985407935E-04 4.789712656286006E-45
 1.292872738102438E-04 7.784275496761669E-45
 1.307851031177375E-04 1.262788074354502E-44
 1.323002851976136E-04 2.044792917866167E-44
 1.338330210866049E-04 3.305048355390217E-44
 1.353835141505097E-04 5.332353782459198E-44
 1.369519701111771E-04 8.587678168373064E-44
 1.385385970738017E-04 1.380547126042103E-43
 1.401436055545340E-04 2.215380735494979E-43
 1.417672085084141E-04 3.548707112307234E-43
 1.434096213576259E-04 5.674394833968625E-43
 1.450710620200789E-04 9.057315915957059E-43
 1.467517509383232E-04 1.443155061566092E-42
 1.484519111087983E-04 2.295424056893865E-42
 1.501717681114184E-04 3.644619844958491E-42
 1.519115501395054E-04 5.776753408192476E-42
 1.536714880300650E-04 9.140303382860328E-42
 1.554518152944129E-04 1.443728303561388E-41
 1.572527681491603E-04 2.276466622800789E-41
 1.590745855475538E-04 3.583364014450669E-41
 1.609175092111794E-04 5.630892678024320E-41
 1.627817836620364E-04 8.833302406238147E-41
 1.646676562549801E-04 1.383347561134370E-40
 1.665753772105399E-04 2.162741949066987E-40
 1.685051996481215E-04 3.375562062857555E-40
 1.704573796195897E-04 5.259667505515950E-40
 1.724321761432408E-04 8.181709879219088E-40
 1.744298512381719E-04 1.270592338161671E-39
 1.764506699590443E-04 1.969915196580936E-39
 1.784949004312524E-04 3.049093412430779E-39
 1.805628138864969E-04 4.711710280674584E-39
 1.826546846987755E-04 7.268985690845784E-39
 1.847707904207853E-04 1.119590395920724E-38
 1.869114118207479E-04 1.721620186548430E-38
 1.890768329196647E-04 2.643084611109274E-38
 1.912673410290002E-04 4.051193804754493E-38
 1.934832267888013E-04 6.199488991307262E-38
 1.957247842062627E-04 9.471796553999162E-38
 1.979923106947349E-04 1.444824472125211E-37
 2.002861071131838E-04 2.200425814454997E-37
 2.026064778061126E-04 3.345876698667771E-37
 2.049537306439405E-04 5.079574411641714E-37
 2.073281770638505E-04 7.699482539559643E-37
 2.097301321111141E-04 1.165239455222248E-36
 2.121599144808908E-04 1.760722280341742E-36
 2.146178465605109E-04 2.656385907061557E-36
 2.171042544722542E-04 4.001461920696616E-36
 2.196194681166185E-04 6.018329984624174E-36
 2.221638212160894E-04 9.037860958397359E-36
 2.247376513594231E-04 1.355158896354535E-35
 2.273413000464354E-04 2.028860725162569E-35
 2.299751127333138E-04 3.032873065003531E-35
 2.326394388784508E-04 4.526877499661702E-35
 2.353346319888142E-04 6.746651464132307E-35
 2.380610496668489E-04 1.003980636943510E-34
 2.408190536579227E-04 1.491806257401513E-34
 2.436090098983269E-04 2.213359828785322E-34
 2.464312885638269E-04 3.279039214868528E-34
 2.492862641187766E-04 4.850635631256532E-34
 2.521743153658061E-04 7.164907818498883E-34
 2.550958254960801E-04 1.056780820011148E-33
 2.580511821401387E-04 1.556410087228142E-33
 2.610407774193320E-04 2.288918764901865E-33
 2.640650079978464E-04 3.361292995815302E-33
 2.671242751353316E-04 4.928950085933068E-33
 2.702189847401450E-04 7.217336094367672E-33
 2.733495474232062E-04 1.055300858453292E-32
 2.765163785524753E-04 1.540830575204389E-32
 2.797198983080685E-04 2.246544844947947E-32
 2.829605317380069E-04 3.270839769319117E-32
 2.862387088146095E-04 4.755429799623446E-32
 2.895548644915474E-04 6.904129909855183E-32
 2.929094387615520E-04 1.000965584567842E-31
 2.963028767147918E-04 1.449181150612248E-31
 2.997356285979314E-04 2.095182540245405E-31
 3.032081498738688E-04 3.024955744942677E-31
 3.067209012821682E-04 4.361304955345952E-31
 3.102743489001882E-04 6.279375404451632E-31
 3.138689642049266E-04 9.028618178695925E-31
 3.175052241355748E-04 1.296382763771578E-30
 3.211836111567955E-04 1.858893877745085E-30
 3.249046133227426E-04 2.661874593542581E-30
 3.286687243418137E-04 3.806575770638381E-30
 3.324764436421547E-04 5.436225965180203E-30
 3.363282764379285E-04 7.753162514729359E-30
 3.402247337963461E-04 1.104284209398597E-29
 3.441663327054726E-04 1.570744829785375E-29
 3.481535961428276E-04 2.231286939986871E-29
 3.521870531447714E-04 3.165427805619942E-29
 3.562672388766967E-04 4.484755756884634E-29
 3.603946947040396E-04 6.345659327809562E-29
 3.645699682641067E-04 8.967026546105923E-29
 3.687936135387335E-04 1.265482276453623E-28
 3.730661909277931E-04 1.783617574443454E-28
 3.773882673235485E-04 2.510658417834254E-28
 3.817604161858650E-04 3.529521779117235E-28
 3.861832176183048E-04 4.955512571122885E-28
 3.906572584450918E-04 6.948769409389094E-28
 3.951831322889707E-04 9.731413658516894E-28
 3.997614396499747E-04 1.361114901736239E-27
 4.043927879850971E-04 1.901369673554073E-27
 4.090777917888922E-04 2.652731809603112E-27
 4.138170726750025E-04 3.696385155571142E-27
 4.186112594586420E-04 5.144228522892533E-27
 4.234609882400255E-04 7.150304178372674E-27
 4.283669024887633E-04 9.926406763664168E-27
 4.333296531292452E-04 1.376337534034225E-26
 4.383498986270026E-04 1.906010183853492E-26
 4.434283050760710E-04 2.636300370536733E-26
 4.485655462873754E-04 3.641966957891839E-26
 4.537623038781294E-04 5.025167780891946E-26
 4.590192673622700E-04 6.925331977138078E-26
 4.643371342419489E-04 9.532528107334357E-26
 4.697166101000768E-04 1.310554404290562E-25
 4.751584086939360E-04 1.799630990111854E-25
 4.806632520498908E-04 2.468284981380421E-25
 4.862318705591833E-04 3.381368779250062E-25
 4.918650030748395E-04 4.626761791994943E-25
 4.975633970097079E-04 6.323405948511274E-25
 5.033278084356248E-04 8.632095892493211E-25
 5.091590021837267E-04 1.176995114647231E-24
 5.150577519459372E-04 1.602980389840622E-24
 5.210248403776177E-04 2.180614171885518E-24
 5.270610592014071E-04 2.962978101441062E-24
 5.331672093122773E-04 4.021415573670972E-24
 5.393441008837915E-04 5.451704098777212E-24
 5.455925534756022E-04 7.382276359000789E-24
 5.519133961421858E-04 9.985157407042878E-24
 5.583074675428516E-04 1.349049877715170E-23
 5.647756160530122E-04 1.820587046045322E-23
 5.713186998767424E-04 2.454183926161625E-23
 5.779375871606567E-04 3.304584371045795E-23
 5.846331561090911E-04 4.444700614757257E-23
 5.914062951006207E-04 5.971534686851253E-23
 5.982579028059397E-04 8.013994167064551E-23
 6.051888883070947E-04 1.074319683872190E-22
 6.122001712180972E-04 1.438604177779890E-22
 6.192926818069504E-04 1.924306257815245E-22
 6.264673611190725E-04 2.571188806201221E-22
 6.337251611021519E-04 3.431803797034388E-22
 6.410670447324629E-04 4.575530282613963E-22
 6.484939861426295E-04 6.093863321506318E-22
 6.560069707508707E-04 8.107333884395140E-22
 6.636069953917565E-04 1.077455293017977E-21
 6.712950684484649E-04 1.430401900253426E-21
 6.790722099865705E-04 1.896951727720230E-21
 6.869394518893989E-04 2.513018104408429E-21
 6.948978379949310E-04 3.325659953562440E-21
 7.029484242343059E-04 4.396475847170975E-21
 7.110922787719148E-04 5.806011674651003E-21
 7.193304821471386E-04 7.659478626156780E-21
 7.276641274177098E-04 1.009416326352260E-20
 7.360943203047355E-04 1.328902040252063E-20
 7.446221793394174E-04 1.747707891490935E-20
 7.532488360114545E-04 2.296146869295157E-20
 7.619754349191659E-04 3.013610443868705E-20
 7.708031339213683E-04 3.951235198063992E-20
 7.797331042909978E-04 5.175337234302424E-20
 7.887665308705097E-04 6.771830909444188E-20
 7.979046122290972E-04 8.851908245697256E-20
 8.071485608217132E-04 1.155933131350522E-19
 8.164996031499360E-04 1.507978624792802E-19
 8.259589799247134E-04 1.965286970858894E-19
 8.355279462309785E-04 2.558743326697238E-19
 8.452077716941679E-04 3.328120686770455E-19
 8.549997406486920E-04 4.324586977679281E-19
 8.649051523083346E-04 5.613904959788594E-19
 8.749253209386291E-04 7.280512365110884E-19
 8.850615760312503E-04 9.432719307801442E-19
 8.953152624804066E-04 1.220932244539464E-18
 9.056877407612757E-04 1.578801388918338E-18
 9.161803871105290E-04 2.039606150438401E-18
 9.267945937089232E-04 2.632386104067450E-18
 9.375317688660206E-04 3.394211575665197E-18
 9.483933372070391E-04 4.372359363516672E-18
 9.593807398618848E-04 5.627065560039723E-18
 9.704954346563584E-04 7.235005233802702E-18
 9.817388963055740E-04 9.293686725420646E-18
 9.931126166096405E-04 1.192699571950414E-17
 1.004618104651590E-03 1.529218335559880E-17
 1.016256886997596E-03 1.958866624785748E-17
 1.028030507899537E-03 2.506909787001535E-17
 1.039940529499883E-03 3.205328461413148E-17
 1.051988532038955E-03 4.094566122867515E-17
 1.064176114064606E-03 5.225721578459660E-17
 1.076504892644318E-03 6.663297180234364E-17
 1.088976503579741E-03 8.488640452330380E-17
 1.101592601623759E-03 1.080425015876064E-16
 1.114354860700026E-03 1.373915903802943E-16
 1.127264974125067E-03 1.745565631581915E-16
 1.140324654832959E-03 2.215767589644801E-16
 1.153535635602603E-03 2.810125354224922E-16
 1.166899669287618E-03 3.560755169492399E-16
 1.180418529048935E-03 4.507906792444013E-16
 1.194094008590050E-03 5.701978724944025E-16
 1.207927922395006E-03 7.206021577960835E-16
 1.221922105969166E-03 9.098845061595124E-16
 1.236078416082730E-03 1.147887076276400E-15
 1.250398731017105E-03 1.446890554438740E-15
 1.264884950814106E-03 1.822205039188803E-15
 1.279538997528076E-03 2.292900844176341E-15
 1.294362815480893E-03 2.882711568879782E-15
 1.309358371519941E-03 3.621149082774964E-15
 1.324527655279093E-03 4.544878967915313E-15
 1.339872679442687E-03 5.699415810714509E-15
 1.355395480012563E-03 7.141210940337555E-15
 1.371098116578223E-03 8.940221278554007E-15
 1.386982672590092E-03 1.118306749716178E-14
 1.403051255635941E-03 1.397691340064559E-14
 1.419305997720547E-03 1.745422723814437E-14
 1.435749055548560E-03 2.177862055180803E-14
 1.452382610810644E-03 2.715200245233166E-14
 1.469208870472978E-03 3.382333839453572E-14
 1.486230067070057E-03 4.209936442690953E-14
 1.503448459000906E-03 5.235768269176438E-14
 1.520866330828747E-03 6.506275427074264E-14
 1.538485993584106E-03 8.078541443167873E-14
 1.556309785071433E-03 1.002266666773817E-13
 1.574340070179312E-03 1.242466701924813E-13
 1.592579241194224E-03 1.539000256642689E-13
 1.611029718117946E-03 1.904786933782003E-13
 1.629693948988665E-03 2.355641525392260E-13
 1.648574410205776E-03 2.910907409714263E-13
 1.667673606858457E-03 3.594225104401730E-13
 1.686994073058034E-03 4.434464075885994E-13
 1.706538372274237E-03 5.466851590481788E-13
 1.726309097675308E-03 6.734339196674674E-13
 1.746308872472061E-03 8.289255563490004E-13
 1.766540350265954E-03 1.019530411979385E-12
 1.787006215401161E-03 1.252997554328858E-12
 1.807709183320725E-03 1.538745899008668E-12
 1.828652000926866E-03 1.888215245482421E-12
 1.849837446945443E-03 2.315289230201959E-12
 1.871268332294613E-03 2.836804539551073E-12
 1.892947500457827E-03 3.473163506297062E-12
 1.914877827861084E-03 4.249070517781601E-12
 1.937062224254574E-03 5.194416587684872E-12
 1.959503633098772E-03 6.345341098261092E-12
 1.982205031954966E-03 7.745505238600007E-12
 2.005169432880313E-03 9.447618201984878E-12
 2.028399882827511E-03 1.151526494399577E-11
 2.051899464049061E-03 1.402509345635400E-11
 2.075671294506203E-03 1.706943033021076E-11
 2.099718528282652E-03 2.075940615995219E-11
 2.124044356003065E-03 2.522868741794772E-11
 2.148652005256367E-03 3.063792921363450E-11
 2.173544741024015E-03 3.718008430583358E-11
 2.198725866113192E-03 4.508672841318558E-11
 2.224198721595033E-03 5.463559090308578E-11
 2.249966687247899E-03 6.615951407959827E-11
 2.276033182005849E-03 8.005710440375080E-11
 2.302401664412252E-03 9.680538607555051E-11
 2.329075633078653E-03 1.169748226621098E-10
 2.356058627149011E-03 1.412471372363855E-10
 2.383354226769260E-03 1.704364373837435E-10
 2.410966053562309E-03 2.055142402813985E-10
 2.438897771108602E-03 2.476390969953635E-10
 2.467153085432191E-03 2.981916366479211E-10
 2.495735745492434E-03 3.588159930540712E-10
 2.524649543681455E-03 4.314687421290179E-10
 2.553898316327304E-03 5.184766716679434E-10
 2.583485944202947E-03 6.226049304346165E-10
 2.613416353041210E-03 7.471373659892211E-10
 2.643693514055639E-03 8.959711662532565E-10
 2.674321444467377E-03 1.073728275271052E-09
 2.705304208038223E-03 1.285886466844560E-09
 2.736645915609796E-03 1.538933439738965E-09
 2.768350725648945E-03 1.840547855402094E-09
 2.800422844799545E-03 2.199811885590202E-09
 2.832866528440612E-03 2.627460586702681E-09
 2.865686081250929E-03 3.136174285827683E-09
 2.898885857780165E-03 3.740921168607720E-09
 2.932470263026693E-03 4.459358421876789E-09
 2.966443753022026E-03 5.312301628425743E-09
 3.000810835422025E-03 6.324273664535644E-09
 3.035576070105035E-03 7.524146144329666E-09
 3.070744069776868E-03 8.945888524266859E-09
 3.106319500582802E-03 1.062944236708419E-08
 3.142307082726741E-03 1.262174101385281E-08
 3.178711591097472E-03 1.497789807875447E-08
 3.215537855902186E-03 1.776259182448677E-08
 3.252790763307402E-03 2.105167666605611E-08
 3.290475256087244E-03 2.493405786593723E-08
 3.328596334279240E-03 2.951387101397902E-08
 3.367159055847775E-03 3.491301423305498E-08
 3.406168537355174E-03 4.127408833231014E-08
 3.445629954640540E-03 4.876380847586932E-08
 3.485548543506553E-03 5.757696049565715E-08
 3.525929600414131E-03 6.794098592227344E-08
 3.566778483185153E-03 8.012129233029996E-08
 3.608100611713393E-03 9.442739991209502E-08
 3.649901468683610E-03 1.112200515538669E-07
 3.692186600298980E-03 1.309194323693341E-07
 3.734961617017023E-03 1.540146659655074E-07
 3.778232194293971E-03 1.810747790290653E-07
 3.822004073337819E-03 2.127613535342689E-07
 3.866283061870038E-03 2.498431174388219E-07
 3.911075034896207E-03 2.932127606671024E-07
 3.956385935485492E-03 3.439063040586241E-07
 4.002221775559153E-03 4.031253954358229E-07
 4.048588636688271E-03 4.722629597538196E-07
 4.095492670900635E-03 5.529326902605624E-07
 4.142940101496967E-03 6.470029356479051E-07
 4.190937223876705E-03 7.566356153567200E-07
 4.239490406373254E-03 8.843308826817130E-07
 4.288606091098915E-03 1.032978354421354E-06
 4.338290794799697E-03 1.205915838008350E-06
 4.388551109719941E-03 1.406996613991014E-06
 4.439393704476947E-03 1.640666475264051E-06
 4.490825324945856E-03 1.912051886644900E-06
 4.542852795154663E-03 2.227060811576824E-06
 4.595483018189601E-03 2.592497959501537E-06
 4.648722977111130E-03 3.016196440686528E-06
 4.702579735880423E-03 3.507168078241245E-06
 4.757060440296588E-03 4.075774923332421E-06
 4.812172318944851E-03 4.733924853229748E-06
 4.867922684155629E-03 5.495294507275484E-06
 4.924318932974698E-03 6.375583238168065E-06
 4.981368548144719E-03 7.392802230657678E-06
 5.039079099098011E-03 8.567603473051583E-06
 5.097458242960905E-03 9.923653865726086E-06
 5.156513725569643E-03 1.148806042276541E-05
 5.216253382498194E-03 1.329185327643439E-05
 5.276685140097848E-03 1.537053403885446E-05
 5.337817016548851E-03 1.776469802145098E-05
 5.399657122924361E-03 2.052073987210818E-05
 5.462213664266594E-03 2.369165337534788E-05
 5.525494940675430E-03 2.733793748649912E-05
 5.589509348409781E-03 3.152862215243856E-05
 5.654265381001572E-03 3.634242912660601E-05
 5.719771630382632E-03 4.186908483382310E-05
 5.786036788024767E-03 4.821080440220229E-05
 5.853069646092932E-03 5.548396827879917E-05
 5.920879098611724E-03 6.382101540838752E-05
 5.989474142645553E-03 7.337257980952986E-05
 6.058863879492345E-03 8.430990056045498E-05
 6.129057515891069E-03 9.682753874387796E-05
 6.200064365243388E-03 1.111464388331026E-04
 6.271893848849337E-03 1.275173763733228E-04
 6.344555497157306E-03 1.462248386686769E-04
 6.418058951028643E-03 1.675913905777165E-04
 6.492413963016786E-03 1.919825835036029E-04
 6.567630398661183E-03 2.198124723016051E-04
 6.643718237796372E-03 2.515498121830682E-04
 6.720687575876059E-03 2.877250158447282E-04
 6.798548625312623E-03 3.289379600769090E-04
 6.877311716832054E-03 3.758667410916868E-04
 6.956987300844751E-03 4.292774888589810E-04
 7.037585948832048E-03 4.900353629516921E-04
 7.119118354748794E-03 5.591168658951132E-04
 7.201595336442364E-03 6.376236249187359E-04
 7.285027837087922E-03 7.267978094567722E-04
 7.369426926640331E-03 8.280393698897989E-04
 7.454803803303038E-03 9.429253030278210E-04
 7.541169795013820E-03 1.073231171882678E-03
 7.628536360947727E-03 1.220955131563649E-03
 7.716915093037624E-03 1.388344739864566E-03
 7.806317717512167E-03 1.577926860525782E-03
 7.896756096451598E-03 1.792540999502703E-03
 7.988242229361744E-03 2.035376450130186E-03
 8.080788254766075E-03 2.310013662129334E-03
 8.174406451816187E-03 2.620470292293687E-03
 8.269109241921160E-03 2.971252441758403E-03
 8.364909190395575E-03 3.367411636380674E-03
 8.461819008126646E-03 3.814608163360449E-03
 8.559851553260837E-03 4.319181439240736E-03
 8.659019832909846E-03 4.888228152354375E-03
 8.759337004876340E-03 5.529688997122225E-03
 8.860816379399884E-03 6.252444898943891E-03
 8.963471420922875E-03 7.066423717375633E-03
 9.067315749877080E-03 7.982718512482556E-03
 9.172363144490709E-03 9.013718565456210E-03
 9.278627542616678E-03 1.017325446052449E-02
 9.386123043581841E-03 1.147675866169475E-02
 9.494863910057633E-03 1.294144315589635E-02
 9.604864569952600E-03 1.458649588451385E-02
 9.716139618326665E-03 1.643329784923663E-02
 9.828703819327531E-03 1.850566295670429E-02
 9.942572108149762E-03 2.083010286073162E-02
 1.005775959301633E-02 2.343611927234947E-02
 1.017428155718318E-02 2.635652643783547E-02
 1.029215346096708E-02 2.962780673477758E-02
 1.041139094379686E-02 3.329050260768129E-02
 1.053200982628860E-02 3.738964835947824E-02
 1.065402611234458E-02 4.197524563506194E-02
 1.077745599127678E-02 4.710278678009204E-02
 1.090231583995495E-02 5.283383063446934E-02
 1.102862222497939E-02 5.923663572750240E-02
 1.115639190487918E-02 6.638685628342181E-02
 1.128564183233562E-02 7.436830692380070E-02
 1.141638915643157E-02 8.327380247067587E-02
 1.154865122492684E-02 9.320607981347344E-02
 1.168244558655990E-02 1.042788094073731E-01
 1.181778999337624E-02 1.166177046240682E-01
 1.195470240308384E-02 1.303617378811018E-01
 1.209320098143570E-02 1.456644732372703E-01
 1.223330410464016E-02 1.626955259629272E-01
 1.237503036179915E-02 1.816421604794860E-01
 1.251839855737447E-02 2.027110390167223E-01
 1.266342771368296E-02 2.261301343644769E-01
 1.281013707342027E-02 2.521508212021796E-01
 1.295854610221410E-02 2.810501616802452E-01
 1.310867449120693E-02 3.131334022087109E-01
 1.326054215966859E-02 3.487366997852910E-01
 1.341416925763926E-02 3.882300976742682E-01
 1.356957616860302E-02 4.320207718371840E-01
 1.372678351219226E-02 4.805565712212196E-01
 1.388581214692362E-02 5.343298768411433E-01
 1.404668317296554E-02 5.938818065529354E-01
 1.420941793493775E-02 6.598067945197845E-01
 1.437403802474346E-02 7.327575766240363E-01
 1.454056528443409E-02 8.134506154899994E-01
 1.470902180910732E-02 9.026720013647525E-01
 1.487942994983881E-02 1.001283867862861E+00
 1.505181231664764E-02 1.110231364533488E+00
 1.522619178149627E-02 1.230550231361655E+00
 1.540259148132535E-02 1.363375023681687E+00
 1.558103482112340E-02 1.509948039576286E+00
 1.576154547703228E-02 1.671629005669543E+00
 1.594414739948867E-02 1.849905581310028E+00
 1.612886481640170E-02 2.046404745498112E+00
 1.631572223636762E-02 2.262905135552515E+00
 1.650474445192171E-02 2.501350411453140E+00
 1.669595654282762E-02 2.763863725053897E+00
 1.688938387940520E-02 3.052763378950043E+00
 1.708505212589647E-02 3.370579765728112E+00
 1.728298724387091E-02 3.720073684639123E+00
 1.748321549567013E-02 4.104256139437378E+00
 1.768576344789224E-02 4.526409728242752E+00
 1.789065797491687E-02 4.990111743823536E+00
 1.809792626247091E-02 5.499259110694380E+00
 1.830759581123545E-02 6.058095293897657E+00
 1.851969444049469E-02 6.671239323300558E+00
 1.873425029182711E-02 7.343717086731275E+00
 1.895129183283914E-02 8.080995055316308E+00
 1.917084786094255E-02 8.889016614992286E+00
 1.939294750717510E-02 9.774241189364149E+00
 1.961762024006578E-02 1.074368635091615E+01
 1.984489586954484E-02 1.180497313007273E+01
 2.007480455089885E-02 1.296637474475536E+01
 2.030737678877182E-02 1.423686898695888E+01
 2.054264344121269E-02 1.562619451748271E+01
 2.078063572376948E-02 1.714491133532086E+01
 2.102138521363107E-02 1.880446570439005E+01
 2.126492385381702E-02 2.061725983727347E+01
 2.151128395741561E-02 2.259672665351800E+01
 2.176049821187136E-02 2.475740994876983E+01
 2.201259968332202E-02 2.711505033068178E+01
 2.226762182098577E-02 2.968667729817800E+01
 2.252559846159941E-02 3.249070786222657E+01
 2.278656383390775E-02 3.554705212889372E+01
 2.305055256320524E-02 3.887722628911580E+01
 2.331759967593012E-02 4.250447348433131E+01
 2.358774060431165E-02 4.645389304296495E+01
 2.386101119107142E-02 5.075257860968189E+01
 2.413744769417908E-02 5.542976571749796E+01
 2.441708679166290E-02 6.051698938204442E+01
 2.469996558647644E-02 6.604825232788838E+01
 2.498612161142143E-02 7.206020448844421E+01
 2.527559283412752E-02 7.859233445408695E+01
 2.556841766209011E-02 8.568717357725563E+01
 2.586463494776613E-02 9.339051347890445E+01
 2.616428399372907E-02 1.017516377375254E+02
 2.646740455788388E-02 1.108235685800199E+02
 2.677403685874189E-02 1.206633294332233E+02
 2.708422158075714E-02 1.313322242356201E+02
 2.739799987972458E-02 1.428961344509287E+02
 2.771541338824047E-02 1.554258347684341E+02
 2.803650422122638E-02 1.689973285198309E+02
 2.836131498151716E-02 1.836922038881561E+02
 2.868988876551330E-02 1.995980120316030E+02
 2.902226916889929E-02 2.168086682933092E+02
 2.935850029242777E-02 2.354248777179475E+02
 2.969862674777094E-02 2.555545861464558E+02
 3.004269366343984E-02 2.773134582120300E+02
 3.039074669077187E-02 3.008253836132283E+02
 3.074283200998794E-02 3.262230130937211E+02
 3.109899633631988E-02 3.536483256124622E+02
 3.145928692620849E-02 3.832532282434527E+02
 3.182375158357367E-02 4.152001903999745E+02
 3.219243866615722E-02 4.496629140340845E+02
 3.256539709193886E-02 4.868270415191420E+02
 3.294267634562679E-02 5.268909029793792E+02
 3.332432648522355E-02 5.700663048876190E+02
 3.371039814866751E-02 6.165793618077191E+02
 3.410094256055192E-02 6.666713732157170E+02
 3.449601153892117E-02 7.205997473872935E+02
 3.489565750214622E-02 7.786389743943937E+02
 3.529993347587970E-02 8.410816503063810E+02
 3.570889310009111E-02 9.082395547426269E+02
 3.612259063618408E-02 9.804447839733059E+02
 3.654108097419593E-02 1.058050941810524E+03
 3.696441964008031E-02 1.141434390578982E+03
 3.739266280307459E-02 1.230995564494408E+03
 3.782586728315267E-02 1.327160347816110E+03
 3.826409055856358E-02 1.430381520174423E+03
 3.870739077345817E-02 1.541140271501031E+03
 3.915582674560339E-02 1.659947789013741E+03
 3.960945797418656E-02 1.787346918727121E+03
 4.006834464770988E-02 1.923913903966746E+03
 4.053254765197610E-02 2.070260203371861E+03
 4.100212857816702E-02 2.227034390866204E+03
 4.147714973101573E-02 2.394924140061214E+03
 4.195767413707296E-02 2.574658295531667E+03
 4.244376555306969E-02 2.767009033373887E+03
 4.293548847437664E-02 2.972794113405937E+03
 4.343290814356136E-02 3.192879225307624E+03
 4.393609055904479E-02 3.428180430933391E+03
 4.444510248385828E-02 3.679666704935552E+03
 4.496001145450138E-02 3.948362575725862E+03
 4.548088578990309E-02 4.235350868693984E+03
 4.600779460048626E-02 4.541775553443029E+03
 4.654080779733733E-02 4.868844696646260E+03
 4.707999610148245E-02 5.217833521944222E+03
 4.762543105327047E-02 5.590087578080762E+03
 4.817718502186531E-02 5.987026016250674E+03
 4.873533121484803E-02 6.410144977356600E+03
 4.929994368792993E-02 6.861021089579589E+03
 4.987109735477845E-02 7.341315076344780E+03
 5.044886799695705E-02 7.852775474390635E+03
 5.103333227397962E-02 8.397242461253756E+03
 5.162456773348222E-02 8.976651791049078E+03
 5.222265282151185E-02 9.593038836925520E+03
 5.282766689293494E-02 1.024854273806979E+04
 5.343969022196651E-02 1.094541064854333E+04
 5.405880401282061E-02 1.168600208460416E+04
 5.468509041048494E-02 1.247279336650831E+04
 5.531863251162007E-02 1.330838215002089E+04
 5.595951437558448E-02 1.419549204208652E+04
 5.660782103558788E-02 1.513697729421437E+04
 5.726363850997377E-02 1.613582756625392E+04
 5.792705381363196E-02 1.719517275216615E+04
 5.859815496954447E-02 1.831828785834177E+04
 5.927703102046399E-02 1.950859792388332E+04
 5.996377204072849E-02 2.076968297092326E+04
 6.065846914821259E-02 2.210528297182069E+04
 6.136121451641685E-02 2.351930281855546E+04
 6.207210138669762E-02 2.501581727811730E+04
 6.279122408063872E-02 2.659907591604970E+04
 6.351867801256580E-02 2.827350796856104E+04
 6.425455970220613E-02 3.004372714167344E+04
 6.499896678749539E-02 3.191453631390532E+04
 6.575199803753182E-02 3.389093211692374E+04
 6.651375336568136E-02 3.597810936615011E+04
 6.728433384283455E-02 3.818146531102929E+04
 6.806384171081624E-02 4.050660367204786E+04
 6.885238039595173E-02 4.295933842880928E+04
 6.965005452278911E-02 4.554569732065737E+04
 7.045696992798114E-02 4.827192501813232E+04
 7.127323367432817E-02 5.114448592036273E+04
 7.209895406498278E-02 5.417006653007944E+04
 7.293424065782000E-02 5.735557735411054E+04
 7.377920427997378E-02 6.070815427339165E+04
 7.463395704254124E-02 6.423515932267498E+04
 7.549861235545792E-02 6.794418081528960E+04
 7.637328494254562E-02 7.184303274414749E+04
 7.725809085673334E-02 7.593975338526207E+04
 7.815314749545620E-02 8.024260302468903E+04
 7.905857361623118E-02 8.476006072489930E+04
 7.997448935241444E-02 8.950082004035867E+04
 8.090101622914103E-02 9.447378358660734E+04
 8.183827717944844E-02 9.968805636057808E+04
 8.278639656058784E-02 1.051529377033636E+05
 8.374550017052436E-02 1.108779117895735E+05
 8.471571526462748E-02 1.168726365203397E+05
 8.569717057255583E-02 1.231469306891870E+05
 8.668999631533750E-02 1.297107592818102E+05
 8.769432422264742E-02 1.365742167625865E+05
 8.871028755028566E-02 1.437475081915403E+05
 8.973802109785851E-02 1.512409280064767E+05
 9.077766122666296E-02 1.590648362946333E+05
 9.182934587778034E-02 1.672296323685639E+05
 9.289321459037772E-02 1.757457254501012E+05
 9.396940852022252E-02 1.846235022546980E+05
 9.505807045841168E-02 1.938732912570715E+05
 9.615934485031662E-02 2.035053234067060E+05
 9.727337781474890E-02 2.135296890486224E+05
 9.840031716334786E-02 2.239562907918431E+05
 9.954031242019173E-02 2.347947920538000E+05
 1.006935148416371E-01 2.460545609939219E+05
 1.018600774363881E-01 2.577446095347794E+05
 1.030401549857974E-01 2.698735271533508E+05
 1.042339040644032E-01 2.824494091074053E+05
 1.054414830607034E-01 2.954797787456695E+05
 1.066630521981710E-01 3.089715035319016E+05
 1.078987735565133E-01 3.229307043939347E+05
 1.091488110931760E-01 3.373626579898219E+05
 1.104133306650977E-01 3.522716914612896E+05
 1.116925000507166E-01 3.676610692252789E+05
 1.129864889722307E-01 3.835328713311937E+05
 1.142954691181173E-01 3.998878628880499E+05
 1.156196141659133E-01 4.167253540424223E+05
 1.169590998052578E-01 4.340430499635965E+05
 1.183141037612042E-01 4.518368902648904E+05
 1.196848058178003E-01 4.701008772650562E+05
 1.210713878419421E-01 4.888268924644251E+05
 1.224740338075054E-01 5.080045005822590E+05
 1.238929298197542E-01 5.276207404716514E+05
 1.253282641400342E-01 5.476599021964059E+05
 1.267802272107522E-01 5.681032895234457E+05
 1.282490116806429E-01 5.889289670482564E+05
 1.297348124303308E-01 6.101114911410983E+05
 1.312378265981875E-01 6.316216238589053E+05
 1.327582536064874E-01 6.534260289359763E+05
 1.342962951878679E-01 6.754869489272761E+05
 1.358521554120959E-01 6.977618625339495E+05
 1.374260407131432E-01 7.202031211075452E+05
 1.390181599165777E-01 7.427575632777291E+05
 1.406287242672696E-01 7.653661066092467E+05
 1.422579474574199E-01 7.879633151499307E+05
 1.439060456549144E-01 8.104769416800924E+05
 1.455732375320039E-01 8.328274434266833E+05
 1.472597442943183E-01 8.549274699566695E+05
 1.489657897102176E-01 8.766813219103379E+05
 1.506916001404801E-01 8.979843791832556E+05
 1.524374045683375E-01 9.187224971124566E+05
 1.542034346298566E-01 9.387713691571264E+05
 1.559899246446726E-01 9.579958545154530E+05
 1.577971116470799E-01 9.762492690588573E+05
 1.596252354174811E-01 9.933726378859215E+05
 1.614745385142020E-01 1.009193907764263E+06
 1.633452663056751E-01 1.023527117627881E+06
 1.652376670029944E-01 1.036171525262243E+06
 1.671519916928492E-01 1.046910688215331E+06
 1.690884943708389E-01 1.055511496909060E+06
 1.710474319751724E-01 1.061723157862101E+06
 1.730290644207600E-01 1.065276124842069E+06
 1.750336546336996E-01 1.065880975698050E+06
 1.770614685861610E-01 1.063227232533313E+06
 1.791127753316762E-01 1.056982122822903E+06
 1.811878470408384E-01 1.046789278958649E+06
 1.832869590374125E-01 1.032267373640904E+06
 1.854103898348675E-01 1.013008688452312E+06
 1.875584211733279E-01 9.885776128321607E+05
 1.897313380569570E-01 9.585090706088692E+05
 1.919294287917716E-01 9.223068711300329E+05
 1.941529850238938E-01 8.794419819298688E+05
 1.964023017782481E-01 8.293507197983083E+05
 1.986776774977058E-01 7.714328569827573E+05
 2.009794140826820E-01 7.050496391624864E+05
 2.033078169311927E-01 6.295217117430889E+05
 2.056631949793762E-01 5.441269508874369E+05
 2.080458607424815E-01 4.480981955610999E+05
 2.104561303563356E-01 3.406208768436441E+05
 2.128943236192869E-01 2.208305405569675E+05
 2.153607640346369E-01 8.781025915029155E+04
 2.178557788535648E-01 -5.941207129432461E+04
 2.203796991185454E-01 -2.218665532372672E+05
 2.229328597072733E-01 -4.006442334294883E+05
 2.255155993770961E-01 -5.969001768146264E+05
 2.281282608099594E-01 -8.118566732539923E+05
 2.307711906578750E-01 -1.046806581856531E+06
 2.334447395889162E-01 -1.303116817864748E+06
 2.361492623337434E-01 -1.582231987255494E+06
 2.388851177326722E-01 -1.885678174172261E+06
 2.416526687832827E-01 -2.215066886628834E+06
 2.444522826885840E-01 -2.572099166040677E+06
 2.472843309057360E-01 -2.958569866134465E+06
 2.501491891953325E-01 -3.376372107141985E+06
 2.530472376712596E-01 -3.827501911301476E+06
 2.559788608511301E-01 -4.314063025626104E+06
 2.589444477073001E-01 -4.838271938369170E+06
 2.619443917184796E-01 -5.402463095607942E+06
 2.649790909219405E-01 -6.009094324490104E+06
 2.680489479663274E-01 -6.660752469977339E+06
 2.711543701650821E-01 -7.360159251983742E+06
 2.742957695504880E-01 -8.110177350061817E+06
 2.774735629283362E-01 -8.913816722805999E+06
 2.806881719332318E-01 -9.774241169544436E+06
 2.839400230845333E-01 -1.069477514188676E+07
 2.872295478429456E-01 -1.167891081282899E+07
 2.905571826677684E-01 -1.273031541155082E+07
 2.939233690748032E-01 -1.385283883188095E+07
 2.973285536949358E-01 -1.505052152285716E+07
 3.007731883333974E-01 -1.632760266988356E+07
 3.042577300297081E-01 -1.768852867502347E+07
 3.077826411183190E-01 -1.913796194550109E+07
 3.113483892899565E-01 -2.068078999925441E+07
 3.149554476536738E-01 -2.232213489687277E+07
 3.186042947996265E-01 -2.406736300928308E+07
 3.222954148625702E-01 -2.592209513080449E+07
 3.260292975860973E-01 -2.789221694726884E+07
 3.298064383876183E-01 -2.998388986911475E+07
 3.336273384240919E-01 -3.220356223985689E+07
 3.374925046585208E-01 -3.455798092978841E+07
 3.414024499272174E-01 -3.705420332581364E+07
 3.453576930078451E-01 -3.969960972785658E+07
 3.493587586882521E-01 -4.250191616253936E+07
 3.534061778361023E-01 -4.546918762573287E+07
 3.575004874693088E-01 -4.860985176436372E+07
 3.616422308272880E-01 -5.193271300924338E+07
 3.658319574430382E-01 -5.544696717067480E+07
 3.700702232160500E-01 -5.916221650806387E+07
 3.743575904860671E-01 -6.308848528554627E+07
 3.786946281076957E-01 -6.723623582552767E+07
 3.830819115258814E-01 -7.161638507276163E+07
 3.875200228522629E-01 -7.624032168056202E+07
 3.920095509424036E-01 -8.111992363192824E+07
 3.965510914739238E-01 -8.626757640845260E+07
 4.011452470255374E-01 -9.169619171900302E+07
 4.057926271570001E-01 -9.741922680174458E+07
 4.104938484899883E-01 -1.034507043120150E+08
 4.152495347899150E-01 -1.098052328090304E+08
 4.200603170486880E-01 -1.164980278552451E+08
 4.249268335684356E-01 -1.235449337409056E+08
 4.298497300461933E-01 -1.309624458469712E+08
 4.348296596595783E-01 -1.387677336611969E+08
 4.398672831534545E-01 -1.469786644591476E+08
 4.449632689275991E-01 -1.556138276646952E+08
 4.501182931253878E-01 -1.646925599035894E+08
 4.553330397235089E-01 -1.742349707630881E+08
 4.606082006227101E-01 -1.842619692720460E+08
 4.659444757396038E-01 -1.947952911146257E+08
 4.713425730995338E-01 -2.058575265912672E+08
 4.768032089305140E-01 -2.174721493410771E+08
 4.823271077582628E-01 -2.296635458382654E+08
 4.879150025023302E-01 -2.424570456771763E+08
 4.935676345733448E-01 -2.558789526587901E+08
 4.992857539713872E-01 -2.699565766917613E+08
 5.050701193854970E-01 -2.847182665225062E+08
 5.109214982943389E-01 -3.001934433053820E+08
 5.168406670680351E-01 -3.164126350284659E+08
 5.228284110711717E-01 -3.334075118055336E+08
 5.288855247670033E-01 -3.512109220474830E+08
 5.350128118228660E-01 -3.698569295270909E+08
 5.412110852168053E-01 -3.893808513465246E+08
 5.474811673454452E-01 -4.098192968215623E+08
 5.538238901331074E-01 -4.312102072936314E+08
 5.602400951421869E-01 -4.535928968794200E+08
 5.667306336848181E-01 -4.770080941723632E+08
 5.732963669358229E-01 -5.014979849015219E+08
 5.799381660469749E-01 -5.271062555630893E+08
 5.866569122625870E-01 -5.538781380301635E+08
 5.934534970364329E-01 -5.818604551508918E+08
 6.003288221500276E-01 -6.111016673463614E+08
 6.072837998322806E-01 -6.416519202108300E+08
 6.143193528805262E-01 -6.735630931274314E+08
 6.214364147829645E-01 -7.068888488997352E+08
 6.286359298425207E-01 -7.416846844127326E+08
 6.359188533021309E-01 -7.780079823222036E+08
 6.432861514714914E-01 -8.159180637781124E+08
 6.507388018552647E-01 -8.554762421887774E+08
 6.582777932827790E-01 -8.967458780261645E+08
 6.659041260392302E-01 -9.397924346727997E+08
 6.736188119983954E-01 -9.846835353128003E+08
 6.814228747568934E-01 -1.031489020869412E+09
 6.893173497699996E-01 -1.080281008980075E+09
 6.973032844890259E-01 -1.131133954014210E+09
 7.053817385003017E-01 -1.184124708124933E+09
 7.135537836657632E-01 -1.239332583334809E+09
 7.218205042651654E-01 -1.296839414637954E+09
 7.301829971399479E-01 -1.356729624125492E+09
 7.386423718387688E-01 -1.419090286115358E+09
 7.471997507647146E-01 -1.484011193273190E+09
 7.558562693242297E-01 -1.551584923722703E+09
 7.646130760777579E-01 -1.621906909113553E+09
 7.734713328921375E-01 -1.695075503652139E+09
 7.824322150947629E-01 -1.771192054056591E+09
 7.914969116295227E-01 -1.850360970424521E+09
 8.006666252145539E-01 -1.932689797998668E+09
 8.099425725018229E-01 -2.018289289783967E+09
 8.193259842385477E-01 -2.107273480011095E+09
 8.288181054304972E-01 -2.199759758411748E+09
 8.384201955071847E-01 -2.295868945258337E+09
 8.481335284889631E-01 -2.395725367152141E+09
 8.579593931560721E-01 -2.499456933514697E+09
 8.678990932196292E-01 -2.607195213740598E+09
 8.779539474946100E-01 -2.719075514972697E+09
 8.881252900748349E-01 -2.835236960445310E+09
 8.984144705099720E-01 -2.955822568354493E+09
 9.088228539845999E-01 -3.080979331198497E+09
 9.193518214993476E-01 -3.210858295527858E+09
 9.300027700541190E-01 -3.345614642054704E+09
 9.407771128334544E-01 -3.485407766039350E+09
 9.516762793940361E-01 -3.630401357908444E+09
 9.627017158543570E-01 -3.780763484015312E+09
 9.738548850866021E-01 -3.936666667464840E+09
 9.851372669107378E-01 -4.098287968942638E+09
 9.965503582908595E-01 -4.265809067430184E+09
 1.008095673533815E+00 -4.439416340749000E+09
 1.019774744490117E+00 -4.619300945807433E+09
 1.031589120757197E+00 -4.805658898465359E+09
 1.043540369885009E+00 -4.998691152924726E+09
 1.055630077584011E+00 -5.198603680493374E+09
 1.067859847935561E+00 -5.405607547642418E+09
 1.080231303604750E+00 -5.619918993218890E+09
 1.092746086055699E+00 -5.841759504672602E+09
 1.105405855769349E+00 -6.071355893188587E+09
 1.118212292463781E+00 -6.308940367549664E+09
 1.131167095317078E+00 -6.554750606604177E+09
 1.144271983192781E+00 -6.809029830163374E+09
 1.157528694867945E+00 -7.072026868175264E+09
 1.170938989263840E+00 -7.343996227999868E+09
 1.184504645679341E+00 -7.625198159595328E+09
 1.198227464026993E+00 -7.915898718450121E+09
 1.212109265071832E+00 -8.216369826018736E+09
 1.226151890672973E+00 -8.526889327518994E+09
 1.240357204027979E+00 -8.847741046817112E+09
 1.254727089920080E+00 -9.179214838187672E+09
 1.269263454968253E+00 -9.521606634757690E+09
 1.283968227880182E+00 -9.875218493320732E+09
 1.298843359708181E+00 -1.024035863533184E+10
 1.313890824108041E+00 -1.061734148374671E+10
 1.329112617600914E+00 -1.100648769550669E+10
 1.344510759838211E+00 -1.140812418931518E+10
 1.360087293869567E+00 -1.182258416843112E+10
 1.375844286413919E+00 -1.225020713817949E+10
 1.391783828133728E+00 -1.269133891781748E+10
 1.407908033912360E+00 -1.314633164644591E+10
 1.424219043134697E+00 -1.361554378260501E+10
 1.440719019971001E+00 -1.409934009719353E+10
 1.457410153664048E+00 -1.459809165929067E+10
 1.474294658819605E+00 -1.511217581456570E+10
 1.491374775700271E+00 -1.564197615577579E+10
 1.508652770522710E+00 -1.618788248496935E+10
 1.526130935758349E+00 -1.675029076695541E+10
 1.543811590437531E+00 -1.732960307356433E+10
 1.561697080457219E+00 -1.792622751822351E+10
 1.579789778892253E+00 -1.854057818033152E+10
 1.598092086310205E+00 -1.917307501897039E+10
 1.616606431089896E+00 -1.982414377536128E+10
 1.635335269743601E+00 -2.049421586354946E+10
 1.654281087242974E+00 -2.118372824872899E+10
 1.673446397348760E+00 -2.189312331260851E+10
 1.692833742944336E+00 -2.262284870520887E+10
 1.712445696373083E+00 -2.337335718245934E+10
 1.732284859779714E+00 -2.414510642892050E+10
 1.752353865455510E+00 -2.493855886490414E+10
 1.772655376187583E+00 -2.575418143744306E+10
 1.793192085612187E+00 -2.659244539415631E+10
 1.813966718572103E+00 -2.745382603931614E+10
 1.834982031478176E+00 -2.833880247156197E+10
 1.856240812675053E+00 -2.924785730202695E+10
 1.877745882811125E+00 -3.018147635235381E+10
 1.899500095212789E+00 -3.114014833171325E+10
 1.921506336263032E+00 -3.212436449168002E+10
 1.943767525784390E+00 -3.313461825833915E+10
 1.966286617426370E+00 -3.417140484040712E+10
 1.989066599057330E+00 -3.523522081258182E+10
 2.012110493160918E+00 -3.632656367296939E+10
 2.035421357237112E+00 -3.744593137340647E+10
 2.059002284207877E+00 -3.859382182196747E+10
 2.082856402827544E+00 -3.977073235608685E+10
 2.106986878097950E+00 -4.097715918530486E+10
 2.131396911688356E+00 -4.221359680259409E+10
 2.156089742360259E+00 -4.348053736263496E+10
 2.181068646397125E+00 -4.477847002609454E+10
 2.206336938039072E+00 -4.610788026843695E+10
 2.231897969922621E+00 -4.746924915186633E+10
 2.257755133525535E+00 -4.886305255889391E+10
 2.283911859616783E+00 -5.028976038641500E+10
 2.310371618711771E+00 -5.174983569843460E+10
 2.337137921532786E+00 -5.324373383574298E+10
 2.364214319474819E+00 -5.477190148160800E+10
 2.391604405076774E+00 -5.633477568112340E+10
 2.419311812498119E+00 -5.793278281268552E+10
 2.447340218001076E+00 -5.956633751011324E+10
 2.475693340438405E+00 -6.123584153331410E+10
 2.504374941746810E+00 -6.294168258555962E+10
 2.533388827446084E+00 -6.468423307566440E+10
 2.562738847144044E+00 -6.646384882295077E+10
 2.592428895047279E+00 -6.828086770294641E+10
 2.622462910477869E+00 -7.013560823158951E+10
 2.652844878396030E+00 -7.202836808596474E+10
 2.683578829928863E+00 -7.395942255919510E+10
 2.714668842905213E+00 -7.592902294706683E+10
 2.746119042396709E+00 -7.793739486422633E+10
 2.777933601265088E+00 -7.998473648729462E+10
 2.810116740715872E+00 -8.207121672235483E+10
 2.842672730858421E+00 -8.419697329443631E+10
 2.875605891272508E+00 -8.636211075597510E+10
 2.908920591581463E+00 -8.856669841162067E+10
 2.942621252031910E+00 -9.081076815658734E+10
 2.976712344080274E+00 -9.309431222560019E+10
 3.011198390986067E+00 -9.541728084932837E+10
 3.046083968412013E+00 -9.777957981509688E+10
 3.081373705031188E+00 -1.001810679288950E+11
 3.117072283141131E+00 -1.026215543754613E+11
 3.153184439285111E+00 -1.051007959724260E+11
 3.189714964880590E+00 -1.076184943157688E+11
 3.226668706854930E+00 -1.101742928128024E+11
 3.264050568288515E+00 -1.127677735982415E+11
 3.301865509065283E+00 -1.153984543305924E+11
 3.340118546530824E+00 -1.180657848646623E+11
 3.378814756158077E+00 -1.207691437956645E+11
 3.417959272220765E+00 -1.235078348709335E+11
 3.457557288474602E+00 -1.262810832654509E+11
 3.497614058846426E+00 -1.290880317165400E+11
 3.538134898131283E+00 -1.319277365128975E+11
 3.579125182697620E+00 -1.347991633337165E+11
 3.620590351200606E+00 -1.377011829328094E+11
 3.662535905303764E+00 -1.406325666632202E+11
 3.704967410408932E+00 -1.435919818370795E+11
 3.747890496394677E+00 -1.465779869152815E+11
 3.791310858363300E+00 -1.495890265217722E+11
 3.835234257396453E+00 -1.526234262776864E+11
 3.879666521319537E+00 -1.556793874482785E+11
 3.924613545474937E+00 -1.587549813979137E+11
 3.970081293504237E+00 -1.618481438474281E+11
 4.016075798139484E+00 -1.649566689262822E+11
 4.062603162003607E+00 -1.680782030147565E+11
 4.109669558420141E+00 -1.712102383693561E+11
 4.157281232232300E+00 -1.743501065237633E+11
 4.205444500631561E+00 -1.774949714596282E+11
 4.254165753995830E+00 -1.806418225407152E+11
 4.303451456737335E+00 -1.837874672009851E+11
 4.353308148160332E+00 -1.869285233815321E+11
 4.403742443328754E+00 -1.900614117078719E+11
 4.454761033943891E+00 -1.931823473989871E+11
 4.506370689232281E+00 -1.962873319017706E+11
 4.558578256843846E+00 -1.993721442419158E+11
 4.611390663760447E+00 -2.024323320812919E+11
 4.664814917214975E+00 -2.054632024761797E+11
 4.718858105621080E+00 -2.084598123247429E+11
 4.773527399513672E+00 -2.114169584956767E+11
 4.828830052500307E+00 -2.143291676297563E+11
 4.884773402223630E+00 -2.171906856019454E+11
 4.941364871334933E+00 -2.199954666362619E+11
 4.998611968478992E+00 -2.227371620631839E+11
 5.056522289290349E+00 -2.254091087083611E+11
 5.115103517401097E+00 -2.280043169022187E+11
 5.174363425460363E+00 -2.305154580990685E+11
 5.234309876165584E+00 -2.329348520955816E+11
 5.294950823305763E+00 -2.352544538367810E+11
 5.356294312816773E+00 -2.374658397947694E+11
 5.418348483848908E+00 -2.395601939139344E+11
 5.481121569846799E+00 -2.415282931042988E+11
 5.544621899641844E+00 -2.433604922724551E+11
 5.608857898557290E+00 -2.450467088797693E+11
 5.673838089526103E+00 -2.465764070064165E+11
 5.739571094221832E+00 -2.479385809183448E+11
 5.806065634202520E+00 -2.491217381140580E+11
 5.873330532067914E+00 -2.501138818379665E+11
 5.941374712630040E+00 -2.509024930516582E+11
 6.010207204097384E+00 -2.514745118392247E+11
 6.079837139272753E+00 -2.518163182365870E+11
 6.150273756765033E+00 -2.519137124670971E+11
 6.221526402214987E+00 -2.517518945648260E+11
 6.293604529535244E+00 -2.513154433722607E+11
 6.366517702164670E+00 -2.505882948928523E+11
 6.440275594337228E+00 -2.495537199786428E+11
 6.514887992365616E+00 -2.481943013404698E+11
 6.590364795939702E+00 -2.464919098548524E+11
 6.666716019440028E+00 -2.444276801519583E+11
 6.743951793266547E+00 -2.419819854677017E+11
 6.822082365182739E+00 -2.391344117319323E+11
 6.901118101675299E+00 -2.358637308798359E+11
 6.981069489329556E+00 -2.321478733629730E+11
 7.061947136220891E+00 -2.279638998318746E+11
 7.143761773322206E+00 -2.232879719774895E+11
 7.226524255927732E+00 -2.180953225031575E+11
 7.310245565093315E+00 -2.123602242040062E+11
 7.394936809093432E+00 -2.060559581310737E+11
 7.480609224895021E+00 -1.991547808104777E+11
 7.567274179648427E+00 -1.916278905025012E+11
 7.654943172195629E+00 -1.834453924629324E+11
 7.743627834595906E+00 -1.745762631884172E+11
 7.833339933669218E+00 -1.649883136153361E+11
 7.924091372557406E+00 -1.546481512408022E+11
 8.015894192303572E+00 -1.435211411471893E+11
 8.108760573449670E+00 -1.315713658872797E+11
 8.202702837652632E+00 -1.187615842140184E+11
 8.297733449319262E+00 -1.050531886103049E+11
 8.393865017259996E+00 -9.040616159508203E+10
 8.491110296361883E+00 -7.477903077988585E+10
 8.589482189280899E+00 -5.812882262355721E+10
 8.688993748153921E+00 -4.041101486759987E+10
 8.789658176330486E+00 -2.157783815335329E+10
 8.891488830124636E+00 -1.585978785376805E+09
 8.910000000000000E+00 2.150857055662953E+09
 8.994499220587050E+00 1.961583354021350E+10
 9.098703015297721E+00 4.208325776460921E+10
 9.204114040179395E+00 6.586499001078770E+10
 9.310746281331992E+00 9.101643422398471E+10
 9.418613886888329E+00 1.175947880080416E+11
 9.527731168891309E+00 1.456588465413113E+11
 9.638112605192871E+00 1.752694474556172E+11
 9.749772841374904E+00 2.064895337090471E+11
 9.862726692692489E+00 2.393842182172686E+11
 9.976989146039589E+00 2.740208503022368E+11
 1.009257536193751E+01 3.104690839722991E+11
 1.020950067654649E+01 3.488009481123219E+11
 1.032778060370044E+01 3.890909186208042E+11
 1.044743083696542E+01 4.314159925395919E+11
 1.056846725172182E+01 4.758557642364281E+11
 1.069090590727078E+01 5.224925036827582E+11
 1.081476304896495E+01 5.714112368908455E+11
 1.094005511036394E+01 6.226998285600454E+11
 1.106679871541474E+01 6.764490669856411E+11
 1.119501068065744E+01 7.327527512921730E+11
 1.132470801745647E+01 7.917077810550723E+11
 1.145590793425766E+01 8.534142483552849E+11
 1.158862783887151E+01 9.179755323444602E+11
 1.172288534078293E+01 9.854983963838895E+11
 1.185869825348759E+01 1.056093087800744E+12
 1.199608459685553E+01 1.129873440362198E+12
 1.213506259952202E+01 1.206956979507492E+12
 1.227565070130623E+01 1.287465030413998E+12
 1.241786755565772E+01 1.371522828982213E+12
 1.256173203213156E+01 1.459259635794023E+12
 1.270726321889186E+01 1.550808853128969E+12
 1.285448042524452E+01 1.646308145123133E+12
 1.300340318419908E+01 1.745899561117061E+12
 1.315405125506055E+01 1.849729662312192E+12
 1.330644462605098E+01 1.957949651809975E+12
 1.346060351696158E+01 2.070715508077831E+12
 1.361654838183552E+01 2.188188121984057E+12
 1.377429991168179E+01 2.310533437453366E+12
 1.393387903722054E+01 2.437922595848971E+12
 1.409530693166012E+01 2.570532084162188E+12
 1.425860501350650E+01 2.708543887112781E+12
 1.442379494940501E+01 2.852145643257816E+12
 1.459089865701516E+01 3.001530805192192E+12
 1.475993830791866E+01 3.156898803960377E+12
 1.493093633056123E+01 3.318455217789981E+12
 1.510391541322843E+01 3.486411945206498E+12
 1.527889850705594E+01 3.660987382700582E+12
 1.545590882907479E+01 3.842406607013802E+12
 1.563496986529184E+01 4.030901562161995E+12
 1.581610537380592E+01 4.226711251350772E+12
 1.599933938796006E+01 4.430081933840674E+12
 1.618469621953033E+01 4.641267326927533E+12
 1.637220046195158E+01 4.860528813155080E+12
 1.656187699358041E+01 5.088135652876399E+12
 1.675375098099622E+01 5.324365202297975E+12
 1.694784788234027E+01 5.569503137148982E+12
 1.714419345069354E+01 5.823843682090932E+12
 1.734281373749362E+01 6.087689846042930E+12
 1.754373509599136E+01 6.361353663524273E+12
 1.774698418474738E+01 6.645156442179404E+12
 1.795258797116923E+01 6.939429016653334E+12
 1.816057373508938E+01 7.244512008933680E+12
 1.837096907238486E+01 7.560756095339004E+12
 1.858380189863864E+01 7.888522280295891E+12
 1.879910045284354E+01 8.228182177119391E+12
 1.901689330114906E+01 8.580118295876240E+12
 1.923720934065152E+01 8.944724338573340E+12
 1.946007780322822E+01 9.322405501832371E+12
 1.968552825941592E+01 9.713578787205402E+12
 1.991359062233438E+01 1.011867331933662E+13
 2.014429515165522E+01 1.053813067215764E+13
 2.037767245761682E+01 1.097240520329686E+13
 2.061375350508576E+01 1.142196439688129E+13
 2.085256961766531E+01 1.188728921500827E+13
 2.109415248185143E+01 1.236887445798812E+13
 2.133853415123702E+01 1.286722913363216E+13
 2.158574705076486E+01 1.338287683578834E+13
 2.183582398102975E+01 1.391635613235929E+13
 2.208879812263062E+01 1.446822096296463E+13
 2.234470304057289E+01 1.503904104654711E+13
 2.260357268872199E+01 1.562940229916568E+13
 2.286544141430844E+01 1.623990726210231E+13
 2.313034396248500E+01 1.687117554069046E+13
 2.339831548093677E+01 1.752384425397477E+13
 2.366939152454467E+01 1.819856849550905E+13
 2.394360806010286E+01 1.889602180564982E+13
 2.422100147109089E+01 1.961689665542331E+13
 2.450160856250111E+01 2.036190494239435E+13
 2.478546656572206E+01 2.113177849876224E+13
 2.507261314347830E+01 2.192726961195003E+13
 2.536308639482764E+01 2.274915155807709E+13
 2.565692486021618E+01 2.359821914844391E+13
 2.595416752659186E+01 2.447528928949955E+13
 2.625485383257731E+01 2.538120155655005E+13
 2.655902367370272E+01 2.631681878146230E+13
 2.686671740769917E+01 2.728302765480563E+13
 2.717797585985330E+01 2.828073934268566E+13
 2.749284032842423E+01 2.931089011863984E+13
 2.781135259012294E+01 3.037444201093433E+13
 2.813355490565532E+01 3.147238346562673E+13
 2.845949002532939E+01 3.260573002582143E+13
 2.878920119472747E+01 3.377552502730851E+13
 2.912273216044406E+01 3.498284031123638E+13
 2.946012717589029E+01 3.622877695397433E+13
 2.980143100716532E+01 3.751446601466050E+13
 3.014668893899627E+01 3.884106930090850E+13
 3.049594678074643E+01 4.020978015294853E+13
 3.084925087249342E+01 4.162182424677456E+13
 3.120664809117765E+01 4.307846041657134E+13
 3.156818585682205E+01 4.458098149705542E+13
 3.193391213882378E+01 4.613071518607907E+13
 3.230387546231890E+01 4.772902492792902E+13
 3.267812491462080E+01 4.937731081787103E+13
 3.305671015173318E+01 5.107701052840902E+13
 3.343968140493838E+01 5.282960025780027E+13
 3.382708948746228E+01 5.463659570118206E+13
 3.421898580121626E+01 5.649955304498509E+13
 3.461542234361720E+01 5.842006998520578E+13
 3.501645171448662E+01 6.039978676981758E+13
 3.542212712302975E+01 6.244038726618500E+13
 3.583250239489537E+01 6.454360005393868E+13
 3.624763197931751E+01 6.671119954370545E+13
 3.666757095633977E+01 6.894500712261007E+13
 3.709237504412354E+01 7.124689232699419E+13
 3.752210060634079E+01 7.361877404283148E+13
 3.795680465965228E+01 7.606262173476430E+13
 3.839654488127291E+01 7.858045670422152E+13
 3.884137961662420E+01 8.117435337732512E+13
 3.929136788707579E+01 8.384644062316948E+13
 3.974656939777637E+01 8.659890310339731E+13
 4.020704454557554E+01 8.943398265353308E+13
 4.067285442703738E+01 9.235397969699598E+13
 4.114406084654668E+01 9.536125469227728E+13
 4.162072632450946E+01 9.845822961427025E+13
 4.210291410564812E+01 1.016473894706185E+14
 4.259068816739292E+01 1.049312838533443E+14
 4.308411322837053E+01 1.083125285271965E+14
 4.358325475699111E+01 1.117938070551841E+14
 4.408817898013469E+01 1.153778724621338E+14
 4.459895289193827E+01 1.190675489372802E+14
 4.511564426268466E+01 1.228657335766907E+14
 4.563832164779445E+01 1.267753981664294E+14
 4.616705439692202E+01 1.307995910073312E+14
 4.670191266315680E+01 1.349414387822818E+14
 4.724296741233156E+01 1.392041484673053E+14
 4.779029043243808E+01 1.435910092869631E+14
 4.834395434315222E+01 1.481053947151295E+14
 4.890403260546899E+01 1.527507645227208E+14
 4.947059953144975E+01 1.575306668727102E+14
 5.004373029408189E+01 1.624487404637112E+14
 5.062350093725289E+01 1.675087167236046E+14
 5.120998838584002E+01 1.727144220537278E+14
 5.180327045591680E+01 1.780697801253109E+14
 5.240342586507785E+01 1.835788142287007E+14
 5.301053424288302E+01 1.892456496772145E+14
 5.362467614142307E+01 1.950745162665687E+14
 5.424593304600733E+01 2.010697507906750E+14
 5.487438738597514E+01 2.072357996160408E+14
 5.551012254563295E+01 2.135772213151338E+14
 5.615322287531777E+01 2.200986893603751E+14
 5.680377370258889E+01 2.268049948804026E+14
 5.746186134354928E+01 2.337010494795741E+14
 5.812757311429816E+01 2.407918881222011E+14
 5.880099734251625E+01 2.480826720829972E+14
 5.948222337918517E+01 2.555786919655101E+14
 6.017134161044279E+01 2.632853707892620E+14
 6.086844346957569E+01 2.712082671480508E+14
 6.157362144915061E+01 2.793530784404451E+14
 6.228696911328674E+01 2.877256441738930E+14
 6.300858111006974E+01 2.963319493447760E+14
 6.373855318410991E+01 3.051781278953222E+14
 6.447698218924565E+01 3.142704662496372E+14
 6.522396610139427E+01 3.236154069303318E+14
 6.597960403155155E+01 3.332195522573600E+14
 6.674399623894190E+01 3.430896681315804E+14
 6.751724414432098E+01 3.532326879038248E+14
 6.829945034343231E+01 3.636557163322695E+14
 6.909071862061988E+01 3.743660336299738E+14
 6.989115396259838E+01 3.853710996036484E+14
 7.070086257238303E+01 3.966785578871831E+14
 7.151995188338074E+01 4.082962402704294E+14
 7.234853057364458E+01 4.202321711264065E+14
 7.318670858029326E+01 4.324945719390276E+14
 7.403459711409795E+01 4.450918659325649E+14
 7.489230867423764E+01 4.580326828066265E+14
 7.575995706322590E+01 4.713258635775192E+14
 7.663765740201036E+01 4.849804655290620E+14
 7.752552614524704E+01 4.990057672755929E+14
 7.842368109675185E+01 5.134112739384269E+14
 7.933224142513083E+01 5.282067224391792E+14
 8.025132767959187E+01 5.434020869130570E+14
 8.118106180593909E+01 5.590075842428727E+14
 8.212156716275298E+01 5.750336797179205E+14
 8.307296853775780E+01 5.914910928205656E+14
 8.403539216437852E+01 6.083908031421501E+14
 8.500896573848978E+01 6.257440564318862E+14
 8.599381843535868E+01 6.435623707814662E+14
 8.699008092678397E+01 6.618575429486632E+14
 8.799788539843391E+01 6.806416548215802E+14
 8.901736556738470E+01 6.999270800288369E+14
 9.004865669986238E+01 7.197264906973810E+14
 9.109189562919011E+01 7.400528643604892E+14
 9.214722077394350E+01 7.609194910210102E+14
 9.321477215631607E+01 7.823399803724954E+14
 9.429469142069789E+01 8.043282691808082E+14
 9.538712185246877E+01 8.268986288308225E+14
 9.649220839700993E+01 8.500656730411740E+14
 9.761009767893540E+01 8.738443657509838E+14
 9.874093802154658E+01 8.982500291821241E+14
 9.988487946651178E+01 9.232983520808675E+14
 1.010420737937741E+02 9.490053981426834E+14
 1.022126745416899E+02 9.753876146244050E+14
 1.033968370274003E+02 1.002461841147851E+15
 1.045947183674393E+02 1.030245318698292E+15
 1.058064774985797E+02 1.058755698823209E+15
 1.070322751989214E+02 1.088011053034200E+15
 1.082722741092239E+02 1.118029882418192E+15
 1.095266387544853E+02 1.148831127460549E+15
 1.107955355657719E+02 1.180434178086099E+15
 1.120791329023006E+02 1.212858883922364E+15
 1.133776010737770E+02 1.246125564788990E+15
 1.146911123629924E+02 1.280255021419592E+15
 1.160198410486826E+02 1.315268546420161E+15
 1.173639634286513E+02 1.351187935469084E+15
 1.187236578431617E+02 1.388035498764336E+15
 1.200991046985989E+02 1.425834072723128E+15
 1.214904864914066E+02 1.464607031939098E+15
 1.228979878323011E+02 1.504378301402671E+15
 1.243217954707653E+02 1.545172368990732E+15
 1.257620983198273E+02 1.587014298230777E+15
 1.272190874811258E+02 1.629929741345241E+15
 1.286929562702653E+02 1.673944952583442E+15
 1.301839002424657E+02 1.719086801844922E+15
 1.316921172185094E+02 1.765382788602626E+15
 1.332178073109875E+02 1.812861056131706E+15
 1.347611729508518E+02 1.861550406049150E+15
 1.363224189142734E+02 1.911480313173324E+15
 1.379017523498127E+02 1.962680940707407E+15
 1.394993828059043E+02 2.015183155756829E+15
 1.411155222586601E+02 2.069018545184579E+15
 1.427503851399947E+02 2.124219431814225E+15
 1.444041883660765E+02 2.180818890986789E+15
 1.460771513661087E+02 2.238850767478469E+15
 1.477694961114429E+02 2.298349692789412E+15
 1.494814471450316E+02 2.359351102807384E+15
 1.512132316112200E+02 2.421891255858368E+15
 1.529650792858839E+02 2.486007251150421E+15
 1.547372226069179E+02 2.551737047618793E+15
 1.565298967050739E+02 2.619119483180794E+15
 1.583433394351600E+02 2.688194294411290E+15
 1.601777914075986E+02 2.759002136645592E+15
 1.620334960203517E+02 2.831584604518111E+15
 1.639106994912143E+02 2.905984252949564E+15
 1.658096508904841E+02 2.982244618587856E+15
 1.677306021740079E+02 3.060410241715998E+15
 1.696738082166115E+02 3.140526688634697E+15
 1.716395268459171E+02 3.222640574529930E+15
 1.736280188765519E+02 3.306799586838020E+15
 1.756395481447542E+02 3.393052509114166E+15
 1.776743815433785E+02 3.481449245420598E+15
 1.797327890573083E+02 3.572040845240686E+15
 1.818150437992774E+02 3.664879528933092E+15
 1.839214220461072E+02 3.760018713736548E+15
 1.860522032753636E+02 3.857513040335657E+15
 1.882076702024382E+02 3.957418400001843E+15
 1.903881088180601E+02 4.059791962318689E+15
 1.925938084262408E+02 4.164692203508974E+15
 1.948250616826600E+02 4.272178935369320E+15
 1.970821646334954E+02 4.382313334829610E+15
 1.993654167547029E+02 4.495157974152287E+15
 2.016751209917509E+02 4.610776851778567E+15
 2.040115837998163E+02 4.729235423841408E+15
 2.063751151844449E+02 4.850600636354839E+15
 2.087660287426839E+02 4.974940958099168E+15
 2.111846417046900E+02 5.102326414209378E+15
 2.136312749758201E+02 5.232828620487754E+15
 2.161062531792099E+02 5.366520818454224E+15
 2.186099046988450E+02 5.503477911147986E+15
 2.211425617231314E+02 5.643776499700007E+15
 2.237045602889710E+02 5.787494920685595E+15
 2.262962403263475E+02 5.934713284285267E+15
 2.289179457034285E+02 6.085513513257642E+15
 2.315700242721908E+02 6.239979382748428E+15
 2.342528279145743E+02 6.398196560957704E+15
 2.369667125891688E+02 6.560252650669663E+15
 2.397120383784454E+02 6.726237231676905E+15
 2.424891695365305E+02 6.896241904112159E+15
 2.452984745375372E+02 7.070360332701005E+15
 2.481403261244544E+02 7.248688291971686E+15
 2.510151013586030E+02 7.431323712416643E+15
 2.539231816696649E+02 7.618366727651378E+15
 2.568649529062919E+02 7.809919722575419E+15
 2.598408053873005E+02 8.006087382561387E+15
 2.628511339534602E+02 8.206976743695756E+15
 2.658963380198815E+02 8.412697244083060E+15
 2.689768216290106E+02 8.623360776254125E+15
 2.720929935042391E+02 8.839081740684991E+15
 2.752452671041336E+02 9.059977100458424E+15
 2.784340606772940E+02 9.286166437082124E+15
 2.816597973178473E+02 9.517772007501942E+15
 2.849229050215849E+02 9.754918802329764E+15
 2.882238167427491E+02 9.997734605302416E+15
 2.915629704514786E+02 1.024635005400120E+16
 2.949408091919190E+02 1.050089870187835E+16
 2.983577811410065E+02 1.076151708158715E+16
 3.018143396679324E+02 1.102834476964959E+16
 3.053109433942977E+02 1.130152445251775E+16
 3.088480562549630E+02 1.158120199402076E+16
 3.124261475596039E+02 1.186752650424398E+16
 3.160456920549809E+02 1.216065040987276E+16
 3.197071699879280E+02 1.246072952602046E+16
 3.234110671690740E+02 1.276792312958403E+16
 3.271578750372997E+02 1.308239403415155E+16
 3.309480907249433E+02 1.340430866648978E+16
 3.347822171237602E+02 1.373383714465304E+16
 3.386607629516481E+02 1.407115335774924E+16
 3.425842428201438E+02 1.441643504738325E+16
 3.465531773027032E+02 1.476986389082485E+16
 3.505680930037717E+02 1.513162558594009E+16
 3.546295226286544E+02 1.550190993790229E+16
 3.587380050541973E+02 1.588091094774446E+16
 3.628940854002851E+02 1.626882690278376E+16
 3.670983151021695E+02 1.666586046893387E+16
 3.713512519836343E+02 1.707221878498680E+16
 3.756534603310078E+02 1.748811355886956E+16
 3.800055109680339E+02 1.791376116592864E+16
 3.844079813316094E+02 1.834938274929026E+16
 3.888614555483996E+02 1.879520432232870E+16
 3.933665245123407E+02 1.925145687329845E+16
 3.979237859630409E+02 1.971837647215843E+16
 4.025338445650895E+02 2.019620437964574E+16
 4.071973119882843E+02 2.068518715865360E+16
 4.119148069887892E+02 2.118557678793694E+16
 4.166869554912320E+02 2.169763077820527E+16
 4.215143906717522E+02 2.222161229067097E+16
 4.263977530420130E+02 2.275779025807670E+16
 4.313376905341840E+02 2.330643950825272E+16
 4.363348585869115E+02 2.386784089028196E+16
 4.413899202322817E+02 2.444228140331168E+16
 4.465035461837933E+02 2.503005432805845E+16
 4.516764149253493E+02 2.563145936106697E+16
 4.569092128012784E+02 2.624680275178863E+16
 4.622026341074011E+02 2.687639744254286E+16
 4.675573811831495E+02 2.752056321137938E+16
 4.729741645047551E+02 2.817962681795800E+16
 4.784537027795150E+02 2.885392215247689E+16
 4.839967230411527E+02 2.954379038769709E+16
 4.896039607462805E+02 3.024958013417680E+16
 4.952761598719821E+02 3.097164759872710E+16
 5.010140730145242E+02 3.171035674618097E+16
 5.068184614892119E+02 3.246607946456589E+16
 5.126900954314021E+02 3.323919573369502E+16
 5.186297538986850E+02 3.403009379729593E+16
 5.246382249742518E+02 3.483917033873128E+16
 5.307163058714583E+02 3.566683066038612E+16
 5.368648030396005E+02 3.651348886678608E+16
 5.430845322709155E+02 3.737956805154818E+16
 5.493763188088220E+02 3.826550048822915E+16
 5.557409974574153E+02 3.917172782513872E+16
 5.621794126922301E+02 4.009870128422261E+16
 5.686924187722868E+02 4.104688186407982E+16
 5.752808798534359E+02 4.201674054721774E+16
 5.819456701030158E+02 4.300875851160794E+16
 5.886876738158387E+02 4.402342734665565E+16
 5.955077855315196E+02 4.506124927366023E+16
 6.024069101531665E+02 4.612273737084514E+16
 6.093859630674424E+02 4.720841580309690E+16
 6.164458702660224E+02 4.831882005644731E+16
 6.235875684684546E+02 4.945449717743443E+16
 6.308120052464450E+02 5.061600601746452E+16
 6.381201391495839E+02 5.180391748221171E+16
 6.455129398325273E+02 5.301881478619889E+16
 6.529913881836520E+02 5.426129371269555E+16
 6.605564764552018E+02 5.553196287897128E+16
 6.682092083949408E+02 5.683144400705049E+16
 6.759505993793321E+02 5.816037220012131E+16
 6.837816765482601E+02 5.951939622463437E+16
 6.917034789413126E+02 6.090917879824995E+16
 6.997170576356422E+02 6.233039688378379E+16
 7.078234758854246E+02 6.378374198920311E+16
 7.160238092629338E+02 6.526992047384918E+16
 7.243191458012495E+02 6.678965386100762E+16
 7.327105861386202E+02 6.834367915693523E+16
 7.411992436644967E+02 6.993274917648345E+16
 7.497862446672585E+02 7.155763287547455E+16
 7.584727284836521E+02 7.321911568993181E+16
 7.672598476499592E+02 7.491799988233059E+16
 7.761487680549176E+02 7.665510489500722E+16
 7.851406690944131E+02 7.843126771084603E+16
 7.942367438279628E+02 8.024734322147800E+16
 8.034381991370134E+02 8.210420460299091E+16
 8.127462558850713E+02 8.400274369947987E+16
 8.221621490796886E+02 8.594387141445994E+16
 8.316871280363263E+02 8.792851811037278E+16
 8.413224565441152E+02 8.995763401634736E+16
 8.510694130335371E+02 9.203218964432888E+16
 8.609292907460500E+02 9.415317621384272E+16
 8.709033979056758E+02 9.632160608547630E+16
 8.809930578925793E+02 9.853851320325338E+16
 8.911996094186547E+02 1.008049535462439E+17
 9.015244067051493E+02 1.031220055893660E+17
 9.119688196623425E+02 1.054907707736424E+17
 9.225342340713095E+02 1.079123739863119E+17
 9.332220517677858E+02 1.103879640506417E+17
 9.440336908281687E+02 1.129187142258981E+17
 9.549705857576674E+02 1.155058227175867E+17
 9.660341876806357E+02 1.181505131981806E+17
 9.772259645331101E+02 1.208540353385701E+17
 9.885474012575777E+02 1.236176643131728E+17
 1.000000000000000E+03 1.264427032524117E+17
