#rho                  Ec
 2.849176166133222E+00 -1.243938526636956E+13
 2.856324647797420E+00 -1.243980360047262E+13
 2.863509090258468E+00 -1.244021848157362E+13
 2.870729765554517E+00 -1.244062985533012E+13
 2.877986948474557E+00 -1.244103766662992E+13
 2.885280916593277E+00 -1.244144185957904E+13
 2.892611950306460E+00 -1.244184237748946E+13
 2.899980332866905E+00 -1.244223916286654E+13
 2.907386350420919E+00 -1.244263215739640E+13
 2.914830292045349E+00 -1.244302130193292E+13
 2.922312449785204E+00 -1.244340653648455E+13
 2.929833118691838E+00 -1.244378780020095E+13
 2.937392596861744E+00 -1.244416503135926E+13
 2.944991185475935E+00 -1.244453816735025E+13
 2.952629188839945E+00 -1.244490714466415E+13
 2.960306914424451E+00 -1.244527189887623E+13
 2.968024672906536E+00 -1.244563236463214E+13
 2.975782778211590E+00 -1.244598847563294E+13
 2.983581547555878E+00 -1.244634016461994E+13
 2.991421301489777E+00 -1.244668736335912E+13
 2.999302363941689E+00 -1.244703000262546E+13
 3.007225062262666E+00 -1.244736801218679E+13
 3.015189727271728E+00 -1.244770132078746E+13
 3.023196693301911E+00 -1.244802985613167E+13
 3.031246298247051E+00 -1.244835354486648E+13
 3.039338883609315E+00 -1.244867231256457E+13
 3.047474794547494E+00 -1.244898608370655E+13
 3.055654379926078E+00 -1.244929478166309E+13
 3.063877992365124E+00 -1.244959832867661E+13
 3.072145988290921E+00 -1.244989664584267E+13
 3.080458727987492E+00 -1.245018965309099E+13
 3.088816575648928E+00 -1.245047726916615E+13
 3.097219899432569E+00 -1.245075941160787E+13
 3.105669071513072E+00 -1.245103599673096E+13
 3.114164468137347E+00 -1.245130693960490E+13
 3.122706469680416E+00 -1.245157215403294E+13
 3.131295460702179E+00 -1.245183155253094E+13
 3.139931830005125E+00 -1.245208504630570E+13
 3.148615970693005E+00 -1.245233254523290E+13
 3.157348280230476E+00 -1.245257395783465E+13
 3.166129160503735E+00 -1.245280919125657E+13
 3.174959017882186E+00 -1.245303815124441E+13
 3.183838263281117E+00 -1.245326074212032E+13
 3.192767312225454E+00 -1.245347686675850E+13
 3.201746584914578E+00 -1.245368642656051E+13
 3.210776506288240E+00 -1.245388932143005E+13
 3.219857506093600E+00 -1.245408544974723E+13
 3.228990018953401E+00 -1.245427470834235E+13
 3.238174484435311E+00 -1.245445699246919E+13
 3.247411347122448E+00 -1.245463219577771E+13
 3.256701056685119E+00 -1.245480021028631E+13
 3.266044067953790E+00 -1.245496092635341E+13
 3.275440840993319E+00 -1.245511423264857E+13
 3.284891841178474E+00 -1.245526001612301E+13
 3.294397539270759E+00 -1.245539816197952E+13
 3.303958411496581E+00 -1.245552855364176E+13
 3.313574939626780E+00 -1.245565107272298E+13
 3.323247611057555E+00 -1.245576559899411E+13
 3.332976918892807E+00 -1.245587201035114E+13
 3.342763362027938E+00 -1.245597018278193E+13
 3.352607445235123E+00 -1.245605999033227E+13
 3.362509679250104E+00 -1.245614130507130E+13
 3.372470580860515E+00 -1.245621399705623E+13
 3.382490672995792E+00 -1.245627793429625E+13
 3.392570484818680E+00 -1.245633298271584E+13
 3.402710551818395E+00 -1.245637900611717E+13
 3.412911415905445E+00 -1.245641586614188E+13
 3.423173625508175E+00 -1.245644342223194E+13
 3.433497735671054E+00 -1.245646153158977E+13
 3.443884308154745E+00 -1.245647004913749E+13
 3.454333911537999E+00 -1.245646882747537E+13
 3.464847121321407E+00 -1.245645771683937E+13
 3.475424520033056E+00 -1.245643656505779E+13
 3.486066697336123E+00 -1.245640521750702E+13
 3.496774250138456E+00 -1.245636351706635E+13
 3.507547782704171E+00 -1.245631130407185E+13
 3.518387906767336E+00 -1.245624841626921E+13
 3.529295241647746E+00 -1.245617468876567E+13
 3.540270414368884E+00 -1.245608995398080E+13
 3.551314059778064E+00 -1.245599404159636E+13
 3.562426820668855E+00 -1.245588677850497E+13
 3.573609347905788E+00 -1.245576798875776E+13
 3.584862300551436E+00 -1.245563749351083E+13
 3.596186345995892E+00 -1.245549511097058E+13
 3.607582160088714E+00 -1.245534065633786E+13
 3.619050427273388E+00 -1.245517394175087E+13
 3.630591840724357E+00 -1.245499477622685E+13
 3.642207102486688E+00 -1.245480296560246E+13
 3.653896923618422E+00 -1.245459831247289E+13
 3.665662024335683E+00 -1.245438061612956E+13
 3.677503134160585E+00 -1.245414967249654E+13
 3.689420992072033E+00 -1.245390527406546E+13
 3.701416346659452E+00 -1.245364720982903E+13
 3.713489956279528E+00 -1.245337526521309E+13
 3.725642589216031E+00 -1.245308922200708E+13
 3.737875023842781E+00 -1.245278885829301E+13
 3.750188048789840E+00 -1.245247394837276E+13
 3.762582463112994E+00 -1.245214426269387E+13
 3.775059076466612E+00 -1.245179956777345E+13
 3.787618709279953E+00 -1.245143962612057E+13
 3.800262192937006E+00 -1.245106419615673E+13
 3.812990369959937E+00 -1.245067303213456E+13
 3.825804094196252E+00 -1.245026588405471E+13
 3.838704231009725E+00 -1.244984249758071E+13
 3.851691657475213E+00 -1.244940261395201E+13
 3.864767262577446E+00 -1.244894596989485E+13
 3.877931947413861E+00 -1.244847229753120E+13
 3.891186625401619E+00 -1.244798132428547E+13
 3.904532222488856E+00 -1.244747277278914E+13
 3.917969677370323E+00 -1.244694636078305E+13
 3.931499941707469E+00 -1.244640180101745E+13
 3.945123980353124E+00 -1.244583880114972E+13
 3.958842771580845E+00 -1.244525706363957E+13
 3.972657307319090E+00 -1.244465628564185E+13
 3.986568593390288E+00 -1.244403615889675E+13
 4.000577649754965E+00 -1.244339636961738E+13
 4.014685510761033E+00 -1.244273659837470E+13
 4.028893225398365E+00 -1.244205651997958E+13
 4.043201857558805E+00 -1.244135580336211E+13
 4.057612486301729E+00 -1.244063411144794E+13
 4.072126206125314E+00 -1.243989110103162E+13
 4.086744127243640E+00 -1.243912642264685E+13
 4.101467375869793E+00 -1.243833972043353E+13
 4.116297094505097E+00 -1.243753063200161E+13
 4.131234442234659E+00 -1.243669878829152E+13
 4.146280595029355E+00 -1.243584381343113E+13
 4.161436746054453E+00 -1.243496532458929E+13
 4.176704105985025E+00 -1.243406293182554E+13
 4.192083903328323E+00 -1.243313623793619E+13
 4.207577384753311E+00 -1.243218483829654E+13
 4.223185815427526E+00 -1.243120832069905E+13
 4.238910479361474E+00 -1.243020626518749E+13
 4.254752679760730E+00 -1.242917824388684E+13
 4.270713739385986E+00 -1.242812382082895E+13
 4.286795000921216E+00 -1.242704255177362E+13
 4.302997827350199E+00 -1.242593398402521E+13
 4.319323602341610E+00 -1.242479765624450E+13
 4.335773730642916E+00 -1.242363309825566E+13
 4.352349638483296E+00 -1.242243983084828E+13
 4.369052773985850E+00 -1.242121736557419E+13
 4.385884607589334E+00 -1.241996520453909E+13
 4.402846632479674E+00 -1.241868284018859E+13
 4.419940365031542E+00 -1.241736975508872E+13
 4.437167345260249E+00 -1.241602542170063E+13
 4.454529137284258E+00 -1.241464930214933E+13
 4.472027329798583E+00 -1.241324084798626E+13
 4.489663536559409E+00 -1.241179949994559E+13
 4.507439396880201E+00 -1.241032468769391E+13
 4.525356576139671E+00 -1.240881582957329E+13
 4.543416766301885E+00 -1.240727233233735E+13
 4.561621686448890E+00 -1.240569359088018E+13
 4.579973083326190E+00 -1.240407898795797E+13
 4.598472731901445E+00 -1.240242789390294E+13
 4.617122435936762E+00 -1.240073966632951E+13
 4.635924028574975E+00 -1.239901364983239E+13
 4.654879372940299E+00 -1.239724917567632E+13
 4.673990362753788E+00 -1.239544556147719E+13
 4.693258922964011E+00 -1.239360211087436E+13
 4.712687010393401E+00 -1.239171811319377E+13
 4.732276614400709E+00 -1.238979284310164E+13
 4.752029757560067E+00 -1.238782556024842E+13
 4.771948496357115E+00 -1.238581550890265E+13
 4.792034921902716E+00 -1.238376191757449E+13
 4.812291160664773E+00 -1.238166399862846E+13
 4.832719375218681E+00 -1.237952094788519E+13
 4.853321765016979E+00 -1.237733194421165E+13
 4.874100567178769E+00 -1.237509614909961E+13
 4.895058057299507E+00 -1.237281270623190E+13
 4.916196550281766E+00 -1.237048074103607E+13
 4.937518401187629E+00 -1.236809936022495E+13
 4.959026006113347E+00 -1.236566765132386E+13
 4.980721803086974E+00 -1.236318468218381E+13
 5.002608272989645E+00 -1.236064950048037E+13
 5.024687940501278E+00 -1.235806113319762E+13
 5.046963375071406E+00 -1.235541858609676E+13
 5.069437191915966E+00 -1.235272084316879E+13
 5.092112053040831E+00 -1.234996686607074E+13
 5.114990668292928E+00 -1.234715559354489E+13
 5.138075796439836E+00 -1.234428594082038E+13
 5.161370246278734E+00 -1.234135679899658E+13
 5.184876877775664E+00 -1.233836703440761E+13
 5.208598603236062E+00 -1.233531548796735E+13
 5.232538388507574E+00 -1.233220097449422E+13
 5.256699254216186E+00 -1.232902228201507E+13
 5.281084277036771E+00 -1.232577817104735E+13
 5.305696590999159E+00 -1.232246737385885E+13
 5.330539388830895E+00 -1.231908859370426E+13
 5.355615923337902E+00 -1.231564050403750E+13
 5.380929508824305E+00 -1.231212174769925E+13
 5.406483522552697E+00 -1.230853093607847E+13
 5.432281406246221E+00 -1.230486664824720E+13
 5.458326667633866E+00 -1.230112743006751E+13
 5.484622882040421E+00 -1.229731179326962E+13
 5.511173694022625E+00 -1.229341821450019E+13
 5.537982819053049E+00 -1.228944513433948E+13
 5.565054045253392E+00 -1.228539095628645E+13
 5.592391235178845E+00 -1.228125404571043E+13
 5.619998327655310E+00 -1.227703272876812E+13
 5.647879339671315E+00 -1.227272529128472E+13
 5.676038368326513E+00 -1.226832997759760E+13
 5.704479592838774E+00 -1.226384498936131E+13
 5.733207276611904E+00 -1.225926848431231E+13
 5.762225769366185E+00 -1.225459857499184E+13
 5.791539509333922E+00 -1.224983332742538E+13
 5.821153025522361E+00 -1.224497075975697E+13
 5.851070940046387E+00 -1.224000884083659E+13
 5.881297970533523E+00 -1.223494548875878E+13
 5.911838932603868E+00 -1.222977856935056E+13
 5.942698742427703E+00 -1.222450589460656E+13
 5.973882419363624E+00 -1.221912522106940E+13
 6.005395088680167E+00 -1.221363424815289E+13
 6.037241984364043E+00 -1.220803061640595E+13
 6.069428452018190E+00 -1.220231190571469E+13
 6.101959951853027E+00 -1.219647563344016E+13
 6.134842061774433E+00 -1.219051925248915E+13
 6.168080480572095E+00 -1.218444014931522E+13
 6.201681031212077E+00 -1.217823564184710E+13
 6.235649664237592E+00 -1.217190297734137E+13
 6.269992461282158E+00 -1.216543933015630E+13
 6.304715638699474E+00 -1.215884179944345E+13
 6.339825551314602E+00 -1.215210740675361E+13
 6.375328696301175E+00 -1.214523309355328E+13
 6.411231717189612E+00 -1.213821571864807E+13
 6.447541408011544E+00 -1.213105205550872E+13
 6.484264717585874E+00 -1.212373878949575E+13
 6.521408753952131E+00 -1.211627251497817E+13
 6.558980788957098E+00 -1.210864973234159E+13
 6.596988263000894E+00 -1.210086684488095E+13
 6.635438789949044E+00 -1.209292015557264E+13
 6.674340162217320E+00 -1.208480586372060E+13
 6.713700356036521E+00 -1.207652006147083E+13
 6.753527536904626E+00 -1.206805873018830E+13
 6.793830065234171E+00 -1.205941773668996E+13
 6.834616502203060E+00 -1.205059282932733E+13
 6.875895615817381E+00 -1.204157963391174E+13
 6.917676387195278E+00 -1.203237364947483E+13
 6.959968017081311E+00 -1.202297024385679E+13
 7.002779932601255E+00 -1.201336464911418E+13
 7.046121794267730E+00 -1.200355195673873E+13
 7.090003503247614E+00 -1.199352711267840E+13
 7.134435208902715E+00 -1.198328491215094E+13
 7.179427316615773E+00 -1.197281999424027E+13
 7.224990495914446E+00 -1.196212683626500E+13
 7.271135688906636E+00 -1.195119974790804E+13
 7.317874119041133E+00 -1.194003286509570E+13
 7.365217300208328E+00 -1.192862014361374E+13
 7.413177046196494E+00 -1.191695535244761E+13
 7.461765480519928E+00 -1.190503206683278E+13
 7.510995046636169E+00 -1.189284366100093E+13
 7.560878518570332E+00 -1.188038330060639E+13
 7.611429011965652E+00 -1.186764393481664E+13
 7.662659995580292E+00 -1.185461828804966E+13
 7.714585303251599E+00 -1.184129885133997E+13
 7.767219146350120E+00 -1.182767787331398E+13
 7.820576126746948E+00 -1.181374735075426E+13
 7.874671250319222E+00 -1.179949901873126E+13
 7.929519941020057E+00 -1.178492434027921E+13
 7.985138055540594E+00 -1.177001449559233E+13
 8.041541898593431E+00 -1.175476037071515E+13
 8.098748238848440E+00 -1.173915254569991E+13
 8.156774325553597E+00 -1.172318128220180E+13
 8.215637905875521E+00 -1.170683651048130E+13
 8.275357242996286E+00 -1.169010781578078E+13
 8.335951135005278E+00 -1.167298442404062E+13
 8.397438934627166E+00 -1.165545518691775E+13
 8.459840569829467E+00 -1.163750856606721E+13
 8.523176565355792E+00 -1.161913261664488E+13
 8.587468065233674E+00 -1.160031496998661E+13
 8.652736856308813E+00 -1.158104281541636E+13
 8.719005392860762E+00 -1.156130288113248E+13
 8.786296822358494E+00 -1.154108141411820E+13
 8.854635012417898E+00 -1.152036415901871E+13
 8.924044579027148E+00 -1.149913633592317E+13
 8.994550916110100E+00 -1.147738261698602E+13
 9.066180226502254E+00 -1.145508710181749E+13
 9.138959554418706E+00 -1.143223329156808E+13
 9.212916819498574E+00 -1.140880406162693E+13
 9.288080852515948E+00 -1.138478163284814E+13
 9.364481432853314E+00 -1.136014754121315E+13
 9.442149327839781E+00 -1.133488260583072E+13
 9.521116334063279E+00 -1.130896689516898E+13
 9.601415320773263E+00 -1.128237969140634E+13
 9.683080275498392E+00 -1.125509945277996E+13
 9.766146352012186E+00 -1.122710377380121E+13
 9.850649920788880E+00 -1.119836934319838E+13
 9.936628622101628E+00 -1.116887189943582E+13
 1.002412142192589E+01 -1.113858618364783E+13
 1.011316867082249E+01 -1.110748588981301E+13
 1.020381216598719E+01 -1.107554361198143E+13
 1.029609521666743E+01 -1.104273078835248E+13
 1.039006271316110E+01 -1.100901764198539E+13
 1.048576119962853E+01 -1.097437311790729E+13
 1.058323895096565E+01 -1.093876481636462E+13
 1.068254605400519E+01 -1.090215892194382E+13
 1.078373449333291E+01 -1.086452012826432E+13
 1.088685824202762E+01 -1.082581155792299E+13
 1.099197335765800E+01 -1.078599467734231E+13
 1.109913808389485E+01 -1.074502920614585E+13
 1.120841295812571E+01 -1.070287302065229E+13
 1.131986092548982E+01 -1.065948205104503E+13
 1.143354745978461E+01 -1.061481017173578E+13
 1.154954069173174E+01 -1.056880908439884E+13
 1.166791154513077E+01 -1.052142819310687E+13
 1.178873388147207E+01 -1.047261447094830E+13
 1.191208465362866E+01 -1.042231231745098E+13
 1.203804406929898E+01 -1.037046340607532E+13
 1.216669576492996E+01 -1.031700652097312E+13
 1.229812699091302E+01 -1.026187738213309E+13
 1.243242880891465E+01 -1.020500845795273E+13
 1.256969630227944E+01 -1.014632876418432E+13
 1.271002880052721E+01 -1.008576364810314E+13
 1.285353011905814E+01 -1.002323455663366E+13
 1.300030881528146E+01 -9.958658787046191E+12
 1.315047846249581E+01 -9.891949218699160E+12
 1.330415794297337E+01 -9.823014024149021E+12
 1.346147176183725E+01 -9.751756357780279E+12
 1.362255038347386E+01 -9.678074019918186E+12
 1.378753059239061E+01 -9.601859094175500E+12
 1.395655588061680E+01 -9.522997555548236E+12
 1.412977686395371E+01 -9.441368846511082E+12
 1.430735172961181E+01 -9.356845418066998E+12
 1.448944671803152E+01 -9.269292232373268E+12
 1.467623664197206E+01 -9.178566223193137E+12
 1.486790544627560E+01 -9.084515710002223E+12
 1.506464681207422E+01 -8.986979761105912E+12
 1.526666480961168E+01 -8.885787500590180E+12
 1.547417460430539E+01 -8.780757353325027E+12
 1.568740322118416E+01 -8.671696221556969E+12
 1.590659037341107E+01 -8.558398585852923E+12
 1.613198936124813E+01 -8.440645522278613E+12
 1.636386804855046E+01 -8.318203626694601E+12
 1.660250992470445E+01 -8.190823835913214E+12
 1.684821526086147E+01 -8.058240134158350E+12
 1.710130237038250E+01 -7.920168131781697E+12
 1.736210898461860E+01 -7.776303501483046E+12
 1.763099375653061E+01 -7.626320255323435E+12
 1.790833790622488E+01 -7.469868843566006E+12
 1.819454702428170E+01 -7.306574053780234E+12
 1.849005305081577E+01 -7.136032685641945E+12
 1.879531645057769E+01 -6.957810973383016E+12
 1.911082860713278E+01 -6.771441723806786E+12
 1.943711446229963E+01 -6.576421133086979E+12
 1.977473543066967E+01 -6.372205240087181E+12
 2.012429262324581E+01 -6.158205967529288E+12
 2.048643041913832E+01 -5.933786694825140E+12
 2.086184042996484E+01 -5.698257297551141E+12
 2.125126590826815E+01 -5.450868578130919E+12
 2.165550665907445E+01 -5.190805999976442E+12
 2.207542452288640E+01 -4.917182622733687E+12
 2.251194950920843E+01 -4.629031118905015E+12
 2.296608667246779E+01 -4.325294731384760E+12
 2.343892383732464E+01 -4.004817006613074E+12
 2.393164029835826E+01 -3.666330108213568E+12
 2.444551664058639E+01 -3.308441479991582E+12
 2.498194585298578E+01 -2.929618583601459E+12
 2.554244593808406E+01 -2.528171383238713E+12
 2.612867425797902E+01 -2.102232185090377E+12
 2.674244390230900E+01 -1.649732360076367E+12
 2.738574241864577E+01 -1.168375380911809E+12
 2.806075331291685E+01 -6.556054839262070E+11
 2.876988080987017E+01 -1.085711161920508E+11
 2.951577846522788E+01 4.759178587247930E+11
 3.030138234715593E+01 1.101440458243562E+12
 3.112994966165978E+01 1.772023940341256E+12
 3.200510389321947E+01 2.492214161442744E+12
 3.293088777988864E+01 3.267159351270635E+12
 3.391182575645653E+01 4.102710344078648E+12
 3.495299790051429E+01 5.005541110056443E+12
 3.606012793189274E+01 5.983294480561150E+12
 3.723968848336416E+01 7.044759341758744E+12
 3.849902773105994E+01 8.200087402568795E+12
 3.984652261784632E+01 9.461060092600838E+12
 4.129176542138900E+01 1.084141945337919E+13
 4.284579245146228E+01 1.235728139621256E+13
 4.452136640936606E+01 1.402765591486015E+13
 4.633332769729309E+01 1.587510750223584E+13
 4.829903515422486E+01 1.792660123783479E+13
 5.043892395265316E+01 2.021459747289205E+13
 5.277721867628392E+01 2.277848334722008E+13
 5.534285438493698E+01 2.566646661508805E+13
 5.817068005855328E+01 2.893811298327305E+13
 6.130305085902542E+01 3.266779306531327E+13
 6.479196411016194E+01 3.694943699262390E+13
 6.870196867832244E+01 4.190320426764570E+13
 7.311419544294458E+01 4.768501735764585E+13
 7.813204744241618E+01 5.450047721741677E+13
 8.388940577704079E+01 6.262565986375423E+13
 9.056275215670978E+01 7.243904014658278E+13
 9.838957754710790E+01 8.447202186097852E+13
 1.076972395724738E+02 9.949180511722994E+13
 1.189499107923780E+02 1.186430432031626E+14
 1.328283931231863E+02 1.437022235968968E+14
 1.503731865459200E+02 1.775624748989008E+14
 1.732581979536270E+02 2.252278963234844E+14
 2.043592458143320E+02 2.960518137255026E+14
 2.490688272929605E+02 4.094309950007222E+14
 3.188200733978401E+02 6.119658397917462E+14
 4.428352271569332E+02 1.044120707058648E+15
 7.247494564672212E+02 2.342116749012400E+15
 1.994423316293255E+03 1.301451829919145E+16
